stock1,stock2,model_type,w1,w2,pval,snr,zcr,mu,stdev,skewness,Emu,Estd
1301,3481,model3,0.11543060605899233,0.8845693939410076,0.026265883621060884,0.4130863922554096,0.07068000000000006,2.638914330084178,0.0022157074039884624,-0.5698257505179721,2.639121132185274,0.002141731035893657
2002,2308,model3,-0.21482122097837505,0.785178779021625,0.22403120259968293,0.6095311530825342,0.13648,3.3856873034256236,0.0008928372902390709,0.18423380527754815,3.385754610747386,0.0008603802212648032
2002,2324,model3,-0.20850642558578986,0.7914935744142101,0.21611396683697126,0.7927012010446601,0.18032,1.6855895114109072,0.0008900318200511267,0.031217563905689888,1.6855670919120287,0.0008870952383200174
2002,2330,model3,-0.13677944229185848,0.8632205577081415,0.11364447438009345,0.7046509257554239,0.2220533333333333,4.049315346594299,0.000811518066751644,-0.3622196501572604,4.049342993342373,0.0007982045574224273
2002,2883,model3,-0.4072182207193333,0.5927817792806668,0.1094729650095995,0.840910446497072,0.18653333333333325,-0.02473441906053946,0.0005851083792042838,0.6307830292409179,-0.024735162574448088,0.0005873902576833907
2002,2890,model3,-0.39546154085746266,0.6045384591425375,0.44341666610937663,1.27134374548052,0.20082666666666651,0.12486339255016535,0.00047236187497351945,-0.3915559073649301,0.12489748424136507,0.0004504760736407416
2002,2891,model3,-0.3763783634382725,0.6236216365617275,0.18828279380463409,0.7804401684898291,0.12924000000000002,0.6570374435773347,0.0007600098680190206,0.04162717751004533,0.6570536506639578,0.0007494328434280325
2002,9904,model3,-0.5450797076189133,0.4549202923810865,0.08646207866383457,0.3400595575904135,0.05170666666666664,0.049122171443698785,0.0008207980638762423,0.3862794130034312,0.04912086774794753,0.0008243434038417048
2002,2834,model3,0.2534994881850971,0.7465005118149028,0.06429320577613801,0.5423182040585781,0.10277333333333327,2.3539873495432304,0.0007447522282111952,-0.2039487873884151,2.354065225501967,0.0007073979660260037
2002,3034,model3,-0.5446054668716644,0.4553945331283356,0.15683443155489266,0.3424798973757944,0.1093333333333334,0.4396649137132023,0.0014073411779532304,0.5427147948760292,0.4394163997723806,0.001176063266197299
2002,5871,model3,-0.3303429379594282,0.6696570620405717,0.2987261237833189,0.5370789682751613,0.08601333333333336,1.6532358464959558,0.0008109011396262513,0.08258579919151897,1.6531696467060395,0.0007630273654570689
2002,6176,model3,0.38729707227977855,0.6127029277202214,0.05103716568503165,0.5503111296068497,0.1144266666666667,3.613955212903485,0.0010983083385474831,0.3009134074782288,3.613920571883961,0.0010882583568978166
2002,9910,model3,-0.8259133064662764,0.1740866935337236,0.8298290424447798,0.36679149832847735,0.10987999999999992,-1.6876306914537986,0.00117158604012756,0.14170477033495193,-1.6877202881489137,0.001164751835641127
1326,2105,model3,-0.15300519803398074,0.8469948019660192,0.08989117331187056,0.7079732128373573,0.15772,2.8968893271333767,0.0008388563310607598,-0.3967689064037144,2.896950710144289,0.000814260224309948
1326,2308,model3,-0.24445053576547884,0.7555494642345212,0.08384058797593702,0.7136083753498845,0.1671066666666667,2.8205108589115095,0.000822725367899943,0.182632071087464,2.820554796978349,0.0007902052357930684
1326,2324,model3,-0.1155181430761444,0.8844818569238556,0.0883449816737205,0.6156750347401282,0.28034666666666685,2.0977671386268826,0.0010549726274172088,0.17412435884010413,2.0977887408814713,0.0010561908937258419
1326,2330,model3,-0.20171773806492727,0.7982822619350727,0.1674454514750193,1.0310260350520182,0.21252,3.2466223162034056,0.0007063653882196392,-0.30719894198794345,3.246634569449587,0.0007025157762453479
1326,2883,model3,-0.4139054278329729,0.5860945721670271,0.13847783922775528,0.4886277798641777,0.1138933333333333,-0.601455467407626,0.0006077577073431064,0.3443303606887369,-0.6014518422045606,0.0006083181340112491
1326,2891,model3,-0.3961864028407705,0.6038135971592294,0.22518540953829536,0.8823509831931741,0.1909999999999999,0.018665874969051158,0.0007314420050201957,-0.04358898392558881,0.01869768467160763,0.000712992749327246
1326,4938,model3,-0.4860547640385071,0.513945235961493,0.4968389835282003,0.3169359475640484,0.056080000000000026,0.08346058889207351,0.0007889749199538699,0.6389031656805882,0.08337860361652934,0.0006954083263141947
1326,9904,model3,-0.5537563551582207,0.4462436448417792,0.09960352955635222,0.4852516622405949,0.09611999999999993,-0.7361512153971302,0.0006787467451154914,-0.17917779102090162,-0.736144341516936,0.0006761249174560573
1326,1504,model3,-0.678878458359956,0.3211215416400441,0.1947434344514228,0.3913341728439887,0.07297333333333338,-1.9381135334149775,0.0007220190135461794,0.06404081587933602,-1.938114518606586,0.0007248752252608933
1326,1802,model3,-0.6396538024649151,0.3603461975350849,0.0708329005075058,0.5406376321067385,0.09859999999999994,-1.8871937939894798,0.0012448604794053765,-0.1274321167075982,-1.8871093397729324,0.0011492854352025076
1326,2823,model3,0.2173052168906184,0.7826947831093817,0.08887000061776983,0.36470691414780704,0.08252000000000008,3.5871693438026337,0.0010008940291164217,-0.5155557746353694,3.5872111321265883,0.0010179545734867398
1326,6176,model3,0.3893550442703729,0.6106449557296271,0.10589390514697272,0.5442837498093509,0.11594666666666666,4.1220343940554525,0.0010872372498381268,0.15780723361983506,4.121989598700309,0.0010734167008527539
1476,2330,model3,-0.07947463628851986,0.9205253637114802,0.3379154535666757,1.1132788325905856,0.21587999999999988,4.299225410572486,0.0007848841581127533,-0.1056269468347801,4.299247944081623,0.0007740108454356131
1476,3481,model3,0.10376942546662488,0.8962305745333752,0.3980867066162441,0.4620215102138773,0.0648000000000001,2.7794459378826235,0.0021425511962424077,-0.5495718992332393,2.7796605585928114,0.0020695721391268186
1303,2002,model3,-0.5321802658852288,0.4678197341147712,0.26649161168028723,0.611375621164029,0.07394666666666662,-0.7365618958978563,0.0006305366370969932,-0.09053690953621582,-0.7365793376321289,0.0006308280641143656
1303,2330,model3,-0.1236911126335568,0.8763088873664431,0.10869294063631818,0.6529398968452771,0.2185199999999998,4.033198058310587,0.0008584814245059428,-0.385924108762853,4.033232671058823,0.0008430976936602405
1303,4938,model3,-0.5144063680372928,0.4855936319627072,0.3098821255655164,0.3497682603744225,0.07845333333333332,-0.009918320422981795,0.0007817627357078388,0.8472238378813332,-0.01001692985864951,0.000652762625893865
1303,5871,model3,-0.38045493751661696,0.6195450624833829,0.061201764023153235,0.9313270054616024,0.10982666666666677,0.9133161722200523,0.0006599427965738336,0.5051347760745032,0.9132809848145863,0.0006354782124976657
2105,2324,model1,0.4114306479025516,-0.5885693520974484,0.6392825742871681,0.6860224457012354,0.21250666666666648,-2.2232578541692882e-05,0.0007332312590775096,-0.2154404957191821,-1.9713206310733586e-16,0.0007337074373737211
2105,2330,model1,0.5513277950765046,-0.4486722049234954,0.5832295972278376,0.7059270675594421,0.15982666666666662,-5.615394366242182e-06,0.0007100256173778894,0.003486284838724897,1.6200335245165146e-15,0.0007247100025881121
2105,2454,model1,0.5675565742028763,-0.4324434257971237,0.9415837325688716,0.2810780851298521,0.08073333333333323,-0.0001817637986886093,0.00112775729684099,-0.2331879426602724,-8.897410263537088e-15,0.0010072762424212529
2105,2880,model1,0.39823343970798897,-0.601766560292011,0.6212410331831966,0.9047895184615818,0.14281333333333324,-2.5042741838302205e-05,0.0008527085552953803,-0.2786955011583782,-2.8375152631668325e-16,0.0008517460304122408
2105,2883,model3,-0.8313244463849828,0.16867555361501727,0.02456646004184185,0.6672915773737507,0.12297333333333335,-3.1536306879774125,0.0008213295024503064,0.3615130002478445,-3.153695024957464,0.0008012661138554929
2105,2890,model3,-0.8119330891086128,0.1880669108913871,0.17256421314752585,0.6903710458220526,0.11612000000000006,-3.0037042358564654,0.0007909097053542295,0.4467404923753167,-3.003758139959817,0.000787210993209512
2105,2891,model3,-0.9716980435624778,0.028301956437522164,0.004780347329840569,0.5791876976839115,0.06665333333333337,-4.016201740065628,0.0010169528512660763,0.3960156778261022,-4.016325799174911,0.0010035354608558527
2105,3481,model2,0.9797703293287806,0.020229670671219432,0.03971992965548783,0.5594282692547081,0.06757333333333332,4.182008955371331,0.0010459283140986982,-0.4080970141838853,4.1821416848499045,0.0010223380920489332
2105,4904,model2,-0.8814694073625269,0.11853059263747315,0.6059973421570448,0.5972783725602672,0.10285333333333332,-3.207274340797436,0.0008912792293125068,0.3721760235996339,-3.2073522563620807,0.0008525815324509824
2105,4938,model1,0.5071957901970392,-0.4928042098029609,0.7502154720613639,0.25649814554758604,0.10680000000000008,-0.00011031969488462263,0.0009347047153280203,-0.7909069231256705,-2.265161685909071e-15,0.0008463797819953386
2105,9904,model3,-0.8744250126825286,0.1255749873174714,0.040743458345576834,0.8529118360872793,0.1431199999999999,-3.2072790696558098,0.0008307399822571223,0.17835285586853408,-3.207338432819467,0.0008152833225546869
2105,1802,model3,-0.9985992956084468,-0.0014007043915530905,0.001,0.5707395552101728,0.06588000000000009,-4.21628166249216,0.0010486040622718325,0.3969826433088288,-4.216389276463541,0.001009077403622699
2105,2603,model3,-0.9489750462308512,-0.05102495376914881,0.01864982522051544,0.6342910336847782,0.0886133333333333,-4.1367002383774,0.0009597242979970023,0.2151208003505453,-4.136789129973926,0.0009348099256467854
2105,2834,model1,0.33206037629359264,-0.6679396237064074,0.6182103268777991,0.4407569996468262,0.05991999999999995,-4.291121213794528e-06,0.0007365890194434254,-0.05222030776164526,-1.2412399760024423e-15,0.000747036445602757
2105,3044,model3,-0.6701847535408311,0.32981524645916904,0.010856963278991494,0.5056244218851731,0.19950666666666667,-1.4423774212701128,0.0007733055435314594,0.24038042569752666,-1.4425771365808797,0.0007146996819860473
2105,5871,model1,0.4868854046361388,-0.5131145953638612,0.6949733072710139,0.6326098839330009,0.14637333333333338,-5.766731408173816e-05,0.000744014948653879,0.2856676843079167,-8.000159865844885e-16,0.0007218898861752707
2105,6269,model3,-0.8612300970309957,0.13876990296900432,0.008754049406119003,0.6763229958859253,0.1043066666666668,-3.0097712679371424,0.0008809771064553694,0.4104419711592309,-3.0098396411696484,0.0008592645525135956
2105,9910,model3,-0.983779398686936,0.016220601313063927,0.6884243391631684,0.5807233170917514,0.06816000000000004,-4.068017424234533,0.0010232496459685674,0.4493304608726997,-4.068115547876321,0.0009854619309344669
1402,2308,model3,-0.13133445480700365,0.8686655451929964,0.11543065100470692,0.5992852286224318,0.11310666666666665,4.0656019974285424,0.0009892116592546973,0.057649793147984865,4.065694471640675,0.0009645037170295629
1402,2324,model3,-0.02310211183722097,0.9768978881627791,0.07540620537111571,0.5878615332825335,0.2622666666666668,2.807071486880849,0.0011904040347582895,0.4507739069747211,2.807106799916474,0.0011917650774478262
1402,2880,model3,-0.01672346753265055,0.9832765324673496,0.07502487310127766,0.5798056394826856,0.11598666666666678,2.691688280212874,0.0014617759758744375,0.16334321241535335,2.691730997779806,0.0014766660669537316
1402,1802,model3,-0.4730421063361653,0.5269578936638348,0.0828172017925568,0.6454853364124319,0.06494666666666665,-0.13585698214838451,0.001590206894664995,-0.8279469170828979,-0.1357204398796011,0.0014772325479629395
1402,2823,model3,0.1577575399995024,0.8422424600004976,0.07677222977921584,0.4055128900552922,0.10342666666666668,3.3302476826569847,0.0009740719199217312,-0.25006514074069897,3.3302884444564955,0.0009813610257529825
1402,2834,model3,0.1523123348340816,0.8476876651659184,0.10963827920526574,0.4891805190801006,0.11532000000000013,2.263989214449684,0.0008505883645599744,-0.11296140604797772,2.264074535755019,0.000784356386224097
1402,5871,model3,-0.1797966435721896,0.8202033564278104,0.107147595697046,0.36713953163402063,0.08277333333333335,2.7093417262554356,0.0010876997643160576,0.09849833637451616,2.7093267814340636,0.001080526431041493
1402,6176,model3,0.22479264925365952,0.7752073507463404,0.0751346505914774,0.5865897243891692,0.07289333333333332,3.7660253603548983,0.0012544645065519224,0.3706773290527604,3.7659403803019154,0.0012479124582683843
2308,2324,model1,0.3635309197794181,-0.636469080220582,0.6220561583256761,0.6197457720355313,0.16139999999999996,-3.403230090849085e-05,0.0007751518467960133,-0.04327618157362738,-3.450594694294475e-16,0.0007616015727024031
2308,2330,model3,-0.4706016433362448,0.5293983566637552,0.001,0.7458524868238915,0.18429333333333325,0.31459253951297705,0.0006950253611715531,-0.03457889835239534,0.314554699312915,0.0007026418034943348
2308,2880,model1,0.3509575848692751,-0.6490424151307249,0.6336563109305934,0.4846501745317869,0.08522666666666671,-8.157372428145848e-06,0.001108152380706293,-0.07101447079623661,-6.959882704627175e-16,0.0011081818567504384
2308,2883,model3,-0.7610030210979963,0.2389969789020037,0.02287599752430837,0.5112429679714093,0.1125733333333333,-3.4283375444358235,0.0008841738258195299,-0.03681941587313839,-3.428397275576926,0.0008509196559385587
2308,2886,model3,-0.9336597388607206,0.06634026113927936,0.022930357918843184,0.3624288835253654,0.13150666666666674,-4.615160138891448,0.0012233041969656336,0.21243966287245852,-4.615365020047371,0.0011362494274153733
2308,2890,model3,-0.7503806121117598,0.24961938788824026,0.12677976313745082,0.5270198514096452,0.112,-3.31473982162382,0.000851672617478875,-0.1096294373829644,-3.314799189143929,0.0008338517113475535
2308,2891,model3,-0.6461000788595372,0.3538999211404627,0.007161909854753927,0.8669335849381486,0.18536,-2.2985979400889747,0.0007418301278857084,-0.7739588756671817,-2.2986281956239236,0.0007435216417859749
2308,3481,model2,0.6853320335378433,0.3146679664621567,0.07888866469427379,0.6066532368774734,0.20911999999999972,4.297546953937975,0.001050356441770707,-0.17141682496275165,4.297694024193547,0.0009546234214510784
2308,4904,model2,-0.8635724450764183,-0.1364275549235817,0.6638792917442765,0.4661108910242324,0.14690666666666666,-5.0469769280111985,0.0010713649969163962,-0.007227319219637251,-5.0470742278866325,0.0010112293066786005
2308,9904,model3,-0.8879255320466646,0.11207446795333548,0.04136457520382658,0.4873843613082386,0.11241333333333332,-4.154531649975902,0.001059002917468296,0.0935348901284164,-4.154614824589288,0.0010148786825679823
2308,1504,model3,-0.8932076318292866,0.10679236817071333,0.1465108718167726,0.5527318846240992,0.1421066666666667,-4.258332365257479,0.0009836586717798512,-0.10040829213163273,-4.25839903485084,0.0009430803601436538
2308,2379,model3,-0.90413491721781,-0.09586508278218993,0.02468265126260278,0.5091193742337071,0.12570666666666674,-5.127586580811316,0.00109305804266976,-0.08927267196696484,-5.127708326627104,0.0010558686413556669
2308,2448,model2,-0.9665159507610932,-0.033484049238906764,0.3483626313833595,0.4071716661786655,0.13681333333333318,-5.096212293810377,0.001216154201878475,0.13168379203688482,-5.096341965521353,0.0011497875073759425
2308,2449,model3,-0.9361894377991236,-0.06381056220087633,0.0967515939663178,0.4615626180775882,0.12664000000000006,-5.0490720127128474,0.0011405762133653485,0.08801762930911156,-5.049229532399432,0.0010940254610321105
2308,2603,model2,-0.9964017468186712,0.0035982531813287455,0.377783198714241,0.387791186359074,0.1398399999999999,-5.134924818271299,0.001273285630250694,0.17058785418863318,-5.135155832831373,0.001199667211364826
2308,2615,model3,-0.8989829856873823,0.10101701431261774,0.17511192349786928,0.5202061797216606,0.12949333333333335,-4.35961653527007,0.0010902642697705263,0.03085723621542018,-4.359755503990264,0.0010335957919237085
2308,2823,model1,0.3939435309793838,-0.6060564690206162,0.7304828745131515,0.1958869298887544,0.04427999999999997,-9.856106511722787e-05,0.0010433473678403981,-0.19725604524210075,-2.1172525035557078e-14,0.0009986214855738358
2308,2834,model2,-0.5553480762903565,-0.4446519237096436,0.03712774428963683,0.8384559955154026,0.22150666666666652,-3.7997434820251095,0.000709114272720888,0.22236771620259485,-3.7998060520434698,0.0006432555853810803
2308,3034,model1,0.4757030910866553,-0.5242969089133447,0.7433827749294517,0.32566892345946946,0.09087999999999996,-0.00023979030794791362,0.001648694186244273,-0.021282836136078044,-4.8343103143459965e-12,0.0014600344899570587
2308,3044,model3,-0.6192320369515485,-0.3807679630484514,0.001845669218514612,0.5790074797084653,0.14692000000000013,-4.795801311390171,0.0008206592152447562,0.01831707130471425,-4.795842415763337,0.0008185385726253545
2308,5871,model1,0.4367202021920962,-0.5632797978079037,0.7268476962448471,0.3841283838530311,0.13937333333333327,-6.663589111307526e-05,0.0008249095030680874,0.5577822387144691,-1.2640717258134266e-15,0.000793413795910862
2308,6176,model3,-0.7869435982121443,-0.2130564017878557,0.001,0.6488483698928778,0.1526399999999999,-4.900749528222664,0.0009266416851611476,-0.3267839128016157,-4.900807707751389,0.0008983419232344502
2308,9910,model3,-0.9331250046598883,0.06687499534011153,0.6994214982210735,0.6819689983626736,0.12132000000000005,-4.479183202647548,0.001026316618745068,-0.03433419816320591,-4.479252173054203,0.0009691122788243508
2382,2834,model3,0.1448318547267247,0.8551681452732752,0.8248716807325592,0.9713703803675128,0.21958666666666676,2.389719117439087,0.0007481912732812718,0.2631315646425169,2.3897865804910903,0.0007210581577487448
2382,3034,model3,-0.3677048582364385,0.6322951417635616,0.8391959490485467,0.6509940075800246,0.12881333333333336,1.4484324585392814,0.0015407539377355224,0.4262492988373951,1.4483293062146634,0.0014305697553498508
2382,6176,model3,0.1999694565916384,0.8000305434083615,0.6906178853686956,0.4905355088155956,0.1087466666666667,3.9693056240152274,0.0013855288384834882,1.0578276206407953,3.969209388142922,0.0013404096874453221
2324,2330,model1,0.6373964759979104,-0.3626035240020896,0.8143365160371379,0.5060956872369601,0.1565066666666666,1.8432597879562232e-06,0.0009098630516787065,0.41734779176840797,6.561398955633051e-16,0.0009105160796340309
2324,2382,model3,-0.894990033230366,0.10500996676963406,0.8150809761252393,0.7708235473533817,0.2283199999999999,-2.2069681268441332,0.0010234652100500339,0.09894954486804992,-2.206981414907473,0.0010241943802199456
2324,2408,model1,0.5518817346156727,-0.4481182653843273,0.8357351002906536,0.6188996746870058,0.18713333333333312,-1.3742330133526736e-05,0.0007306708667195866,0.06288674002617041,-3.208754768591942e-17,0.0007329924938679337
2324,2454,model1,0.6524827993284108,-0.34751720067158925,0.8484847631313528,0.4453051170698334,0.07494666666666669,-6.870659223805179e-05,0.0009111311847770316,0.18663905770563355,-4.4340800245401104e-16,0.000876083759768064
2324,2880,model1,0.4863090347144266,-0.5136909652855732,0.8188161630915163,1.5960121979260062,0.2358400000000001,-3.892586722537376e-06,0.0007389350310212477,0.030175482304830418,1.4517472533778835e-16,0.0007415537286557981
2324,2881,model3,-0.6074471521886585,0.3925528478113414,0.13508412156472147,1.7722329835843833,0.20534666666666634,-0.2940844796118306,0.0005969613720444853,0.11268058004642645,-0.2940841479333742,0.0005990663720260524
2324,2883,model3,-0.7971436574188212,0.20285634258117874,0.025193643246826103,0.6558749751867496,0.2690133333333332,-1.92578673100952,0.0009384954631931928,-0.11741931355439665,-1.9257997270586134,0.0009414034572558386
2324,2886,model1,0.5119699973724787,-0.4880300026275212,0.9072571131122792,0.35954205294120584,0.1435066666666667,-8.187666578445127e-05,0.0009056901734211037,-0.5097599100887049,-4.359019256251124e-16,0.0008511276076850346
2324,2890,model3,-0.7371907270046121,0.2628092729953879,0.17560574880955654,0.7166473475385321,0.14930666666666645,-1.5849668895622933,0.0008344040995077654,0.0011901054588834964,-1.5849308096101986,0.0008234645839877959
2324,3481,model1,0.45001764736229816,-0.5499823526377018,0.8820571402944605,0.5097574055124393,0.11624000000000005,6.516998437676355e-05,0.0013338505551743806,0.3681401577273821,3.051664407295967e-14,0.00130921957979141
2324,4904,model2,-0.9829650165151744,0.017034983484825468,0.6871132825325755,0.5768124183307839,0.22902666666666646,-2.825234635557692,0.0012015904787061275,-0.4860500195083974,-2.825275698737991,0.0012012006699287897
2324,4938,model1,0.595527623125535,-0.4044723768744651,0.8356964333629197,0.6879903514866893,0.14967999999999995,-2.434514378687247e-05,0.0007779112226692783,-0.1041065006520086,-2.842508003985842e-16,0.0007575112145115829
2324,6505,model3,-0.9496574653908864,0.0503425346091137,0.26466118877621697,0.5855807216758608,0.21330666666666656,-2.57183984861029,0.0011512868729011234,-0.35285468037862344,-2.5718487817459406,0.0011563593728639479
2324,9904,model3,-0.9688516938347396,0.031148306165260275,0.04443957175579622,0.5855240230011319,0.2306666666666667,-2.7376514646898866,0.0011748758978012755,-0.372327398211332,-2.7376860760726753,0.0011761548724427608
2324,1504,model3,-0.9717365587896184,0.028263441210381626,0.13137265607395632,0.5896690668142083,0.21306666666666674,-2.77211452209788,0.0011778420386093994,-0.3779960196010696,-2.7721470086162903,0.0011791418546987628
2324,1802,model3,-0.9953398822385796,-0.004660117761420365,0.001,0.5748803510727134,0.2293866666666668,-2.9473538783680717,0.0012193139864458116,-0.5082042249532798,-2.947396911191431,0.0012182240229754874
2324,2379,model3,-0.918817214786392,0.08118278521360804,0.02519666977284016,0.6916165311138031,0.3715999999999994,-2.320314847822805,0.001046535390951096,-0.4228212129266737,-2.320347355744055,0.0010493747692608248
2324,2448,model1,0.5181174969712614,-0.4818825030287386,0.961169300638877,0.211826198016258,0.13151999999999986,-0.00013598525684047405,0.0013324533487904658,-0.8373591165968597,-8.139002346979958e-14,0.0012615293264448782
2324,2449,model3,-0.9415607924657936,0.058439207534206374,0.07448634906145851,0.5950006243726963,0.3367466666666664,-2.5791495373438185,0.0011421232575087204,-0.7534516863602886,-2.5791953859153924,0.0011373311271892367
2324,2603,model2,-0.8908027169264205,0.1091972830735794,0.27565949635071263,0.6736017984952596,0.2199733333333331,-2.341413244866457,0.001053183136273412,-0.5683341705123621,-2.3414697695357267,0.0010420166425118254
2324,2615,model3,-0.9725379729192298,-0.027462027080770272,0.16562665471264226,0.5849453040816038,0.2347199999999999,-2.944555817970977,0.0011835586299497908,-0.515173011118633,-2.9445803728145576,0.0011918640286249528
2324,2823,model1,0.532284401193275,-0.467715598806725,0.9509055209502372,0.5655650191657758,0.1382399999999999,-2.935801138794621e-05,0.0007570102796162449,0.08639305037007312,-2.2127392390733597e-16,0.0007503399829292642
2324,2834,model1,0.4156089425317144,-0.5843910574682856,0.8236370995938205,0.4640614426208667,0.1379733333333334,1.3270060564847993e-05,0.0008134725280254987,0.2362960176042973,6.629360891474346e-16,0.0008166687856472443
2324,3034,model2,-0.8541978207234299,0.14580217927657008,0.1330907517432154,0.6633324622995966,0.19822666666666672,-1.835920170418041,0.0010045483743137398,-0.021814728551983652,-1.8359514322281723,0.00099664618536067
2324,5871,model1,0.5758079831636692,-0.4241920168363307,0.8227318106005428,0.6016347713945892,0.17649333333333336,-1.88898417918922e-05,0.0008028678028753503,0.5269581455684851,-5.791103899898517e-16,0.0008008770490790859
2324,6176,model1,0.5714402229616867,-0.4285597770383132,0.8455723722586898,0.3729116739837666,0.10620000000000017,-0.00013771479525971278,0.0010883867457287288,-0.12343361961417633,-6.398156134252355e-16,0.0010556331534005423
2324,6269,model3,-0.7544041766128184,0.24559582338718164,0.013060605122628662,0.9215849907298422,0.1945999999999998,-1.12146830366131,0.0008466891622764363,0.28421164187860104,-1.1214699158329102,0.0008495242821474802
2408,2823,model1,0.4802706051199789,-0.519729394880021,0.8983326251760257,0.4549374039459594,0.06847999999999999,-1.7027967368485143e-05,0.0006414390033951968,0.4113769857221916,-4.168550115692537e-17,0.0006372037903606136
2408,5871,model2,-0.9525782746991835,-0.04742172530081639,0.02144037421603493,0.4482754209925707,0.06726666666666678,-3.649416367085629,0.0006588914523573755,0.6173777263906187,-3.6494443893977473,0.0006571732090617587
2474,3034,model3,-0.6400459763948106,0.3599540236051893,0.06930475338638763,0.4790643203425146,0.12077333333333334,-1.7981954614108826,0.0011027181982354952,-0.07207943751586668,-1.7982735998840802,0.0010614874644214014
2454,2880,model1,0.33520230732159145,-0.6647976926784086,0.8379591859819154,0.8111536523047368,0.2259599999999998,6.0582397957643276e-05,0.0009747286643528736,0.2992309878128491,-7.55317563302062e-17,0.0009641165878498774
2454,2886,model3,-0.4098402805249914,0.5901597194750086,0.01567830092955633,0.6084065384714845,0.11932000000000008,-0.443468428102633,0.000940372005947494,-0.11930966475695175,-0.443484719059547,0.0009404230687909936
2454,3481,model1,0.30353139530002177,-0.6964686046999783,0.6784564421540847,0.5576397563704634,0.12532000000000004,0.00019689051284912975,0.00165558251073231,0.6069159612355093,1.3906115329937856e-15,0.0014261621112274753
2454,1802,model3,-0.8326148030434193,-0.16738519695658066,0.045978715155467684,0.2727273114711927,0.07061333333333339,-5.046687843458099,0.001779881850660581,-0.1264716493453356,-5.046489087834659,0.0016347308140530062
2454,2615,model3,-0.7678462418570055,-0.2321537581429946,0.2269583293723569,0.31602189216374704,0.1278666666666666,-4.899080122273387,0.0015414996536321926,-0.3952924426207052,-4.898848909578019,0.0013085704406563226
2454,2823,model1,0.3773878270893945,-0.6226121729106056,0.8323678008857253,0.7654334556859032,0.14785333333333334,4.10998374676641e-05,0.0007826826973079698,0.2792251070502477,1.2858292639437836e-15,0.0007746258398519957
2454,2834,model1,0.27471733742735066,-0.7252826625726493,0.7693421490810629,0.5337655763052008,0.1186266666666666,3.650391849792397e-05,0.0008467468219094827,0.1942443207999581,5.812388492193159e-16,0.0007863227446592116
2454,3034,model3,-0.61557760176887,-0.38442239823113,0.04679515499552296,0.2507485087927933,0.09084,-5.209416432092398,0.0018853010966263168,-0.6143010434103298,-5.209216253858258,0.0016583397723477545
2454,6176,model1,0.4152642653757398,-0.5847357346242602,0.7388065830667323,0.7958707939770524,0.11856000000000005,-0.0001148639076906625,0.0010564966554645052,-0.6219451436175762,4.926946577649235e-16,0.0010730257741653466
2330,2454,model2,-0.8382706683974478,-0.1617293316025522,0.04881693507626463,0.7302765974026891,0.1848933333333332,-5.240878213535014,0.0008092681133474028,-0.14855979758460738,-5.240938317763638,0.0008048873933926707
2330,2880,model2,0.5441871048826408,0.4558128951173594,0.026439919277826556,0.6336586915861917,0.1375466666666667,4.093448099590153,0.0008605544001144018,0.2958555681271263,4.093519059651024,0.0008453279829831617
2330,2883,model3,-0.7357886100111777,0.2642113899888222,0.040326335252516284,0.9337709546282876,0.27793333333333314,-3.2606690814309287,0.0006598850371377281,0.120518909160842,-3.2606767824881686,0.0006602688906016287
2330,2886,model3,0.7077129125606066,0.29228708743939336,0.0159959642090992,2.038895591377342,0.3686133333333332,4.572873188827342,0.0006011684251734612,0.3190197323082493,4.572877849571599,0.0006046429609511034
2330,2890,model3,-0.8380839033672784,0.16191609663272166,0.1949783912474157,0.6687813325989216,0.1730399999999997,-3.9815530710529248,0.0007939761144057285,0.3676018429887952,-3.981573246246302,0.000787790215504318
2330,3481,model2,0.7328741893789384,0.2671258106210615,0.1013719641624942,0.7153068216253309,0.18441333333333326,4.443561833576871,0.0009155473253935699,-0.4392577450283167,4.443642116054138,0.0008545256079473241
2330,4904,model3,-0.8318282458727101,-0.16817175412728996,0.15741513429168072,0.6608255577384562,0.2375866666666665,-5.0373330070772715,0.0008007943912981835,0.3653501094069176,-5.037393272434685,0.0007691918750535676
2330,4938,model3,-0.8739409508920769,0.126059049107923,0.16349766040406394,0.529163335212328,0.16814666666666658,-3.98294500690648,0.000904522664722063,0.5383214918885573,-3.9830143697631173,0.000850836848946212
2330,1504,model3,-0.8744010371090369,0.1255989628909631,0.16135535157617195,1.4394294153654172,0.23894666666666656,-4.117251005831801,0.0007138114498244169,0.17081717115511766,-4.1172571934256315,0.0007152603747915544
2330,1802,model3,-0.857126374235061,0.142873625764939,0.035849817046815315,2.6661149604951264,0.31062666666666644,-4.0705484359522925,0.0007301543505618922,0.21341859628003487,-4.07055257252119,0.0007299579715356884
2330,2379,model3,-0.8667010273961188,-0.13329897260388127,0.02054177962724224,1.3112444611485272,0.26373333333333315,-5.131851417117642,0.0007476336839161272,-0.33203642733123945,-5.131872628222877,0.0007426222844414227
2330,2448,model3,-0.8042941152424055,-0.19570588475759454,0.03304192221661575,1.599937016845519,0.30414666666666634,-4.7898342196771315,0.0006469622277596326,0.05692669326820288,-4.789841998040164,0.0006462364043980046
2330,2449,model3,0.8261729456608267,0.1738270543391734,0.071339536642232,2.6402754312451635,0.3150933333333332,4.870015703873943,0.0006283029417737898,-0.2419149471596401,4.870024469645296,0.0006289751327543322
2330,2603,model3,-0.8550253608919529,-0.14497463910804706,0.020012875636868082,1.39456635986231,0.2703999999999999,-4.811294166547428,0.000679698738190467,0.5193246076260137,-4.8113064649193795,0.0006800491011073145
2330,2609,model2,-0.7895639165110189,0.2104360834889812,0.27912825882339354,1.2987537727087015,0.21879999999999994,-3.6727502603213136,0.0007443242235664517,0.06674112345515247,-3.672782983153307,0.0007261681067302514
2330,2823,model2,-0.6318977904183387,-0.3681022095816613,0.12693273561785848,1.1111619363528265,0.2236533333333336,-4.5109902128227715,0.0006253515898437763,-0.4907685743860542,-4.511021112536494,0.0006153682139929807
2330,2834,model2,-0.5445245946931431,-0.4554754053068571,0.10446230964535327,0.9494182357449032,0.18091999999999991,-3.777907529260464,0.0006303707443786491,0.0559175388706185,-3.777936681476556,0.0006014438640653077
2330,3034,model2,0.8995645181211721,-0.1004354818788279,0.162863715403471,0.4723920801561175,0.15451999999999974,4.192588975806354,0.0010026469044707822,-0.451147452594275,4.1926583901014345,0.0009338818077456614
2330,5871,model1,0.4357340206060135,-0.5642659793939865,0.8024097154746622,0.4754097082982887,0.09533333333333344,-2.7084931099888485e-05,0.0008346981665417401,-0.0509032961104498,-1.8069873401028894e-15,0.000814863280523604
2330,6176,model3,0.7321842649281624,0.26781573507183765,0.008386993074563495,1.3885541751940285,0.22148,4.848624989481942,0.000702806552691638,0.3335408563873049,4.848624779981454,0.0007082420774403937
2330,6269,model3,-0.7548075432965555,-0.2451924567034444,0.011278090053227956,0.489306726105779,0.14378666666666678,-5.0141460854892985,0.0008639059160810008,0.5353405842138061,-5.014266566145385,0.0007928805480562099
2330,9910,model3,-0.9653365034593208,0.03466349654067929,0.6395635669468926,0.6854945219881263,0.17338666666666674,-4.828625720937787,0.000921064880546215,0.2290408362875093,-4.828675570456367,0.0008913401420578415
2883,2886,model3,0.3372568427941243,0.6627431572058757,0.02371524030442856,0.1592137250821983,0.037719999999999934,2.7568636041317256,0.001168596707762331,0.5166567693812356,2.756819547855111,0.0011474881635093245
2883,2890,model3,-0.4894259907317101,0.51057400926829,0.06461161385651001,0.9702044412521388,0.17182666666666666,0.11896519127868525,0.0004157792513360105,-0.6066539759116619,0.1189930665243924,0.0004149944595484734
2883,3481,model3,0.3079975746381214,0.6920024253618786,0.07621678318269219,0.4169234518938123,0.06231999999999995,2.3148773294399647,0.0017654126877275102,-0.5308305242729392,2.3150723033507505,0.0016937339461211218
2883,4938,model3,-0.5612172031149292,0.4387827968850708,0.3161587857976215,0.3907517904203036,0.10676000000000002,0.7295336526916677,0.000679430708572425,0.8297753760401837,0.7294679327903897,0.0005784939825150656
2883,9904,model3,-0.6401501128487783,0.3598498871512216,0.060775380082760525,0.3130234771217307,0.0933733333333333,0.038848705218543673,0.0007424583976433383,0.20355974221125306,0.03884873599443144,0.0007449407490010209
2883,1504,model3,-0.757024609260723,0.2429753907392769,0.14291650426380767,0.3989792588569099,0.08803999999999994,-0.7821739238618391,0.0007512654223932921,-0.07205296219192651,-0.7821857667871348,0.000752641313013725
2883,1802,model3,-0.7008099457265609,0.2991900542734391,0.02033882732402037,0.5529784069707138,0.0736,-0.6878531743563177,0.0010415611832482953,0.022827252506247446,-0.687778251438288,0.000980596455337402
2883,2823,model3,0.22687372564558897,0.7731262743544111,0.023833718546556755,0.2964575780350435,0.07149333333333335,3.069955873647762,0.0010124565449564358,-0.4813355335877199,3.0699902195766904,0.0010235215704467121
2883,2834,model3,0.33353299091324506,0.666467009086755,0.06531005599712975,0.5399892203712601,0.08912000000000006,2.096412983555848,0.0007156402845217731,-0.04641418650986669,2.096485841858181,0.0006685095534602875
2883,3034,model3,-0.6448364580538263,0.3551635419461737,0.18483987534605253,0.3434293226494113,0.1122666666666667,0.31307885800019314,0.0011835802278455125,0.2828736817865002,0.31291324440365775,0.0009918429482592037
2883,5871,model3,-0.3906223522946768,0.6093776477053232,0.04217502734702501,0.41836431852729,0.13173333333333329,1.6210649630015006,0.0008044015819711428,0.0786735596531081,1.6210396896345258,0.0007903719905617295
2883,9910,model3,-0.8760302321804018,0.12396976781959808,0.7420057021471796,0.3357736450681975,0.07018666666666673,-1.2076985519605756,0.0008386059462757253,-0.9440977580457208,-1.2077690134723773,0.0008008236511264328
2880,2881,model3,-0.5898723629226208,0.4101276370773793,0.2113984138303417,1.0956723379636009,0.14358666666666658,-0.08250671576260686,0.0007938593724640772,-0.2655054593121595,-0.08250492616064978,0.0007963884882292323
2880,2883,model3,-0.7922692774906083,0.20773072250939167,0.027417408679464086,0.6593914325204319,0.08523999999999997,-1.776669688234809,0.0011597023331614204,-0.08033988086249266,-1.776686464041996,0.001168525488070075
2880,2890,model3,-0.7067065877768673,0.2932934122231326,0.18736580891464152,0.7111014302479413,0.08945333333333326,-1.3156717547724868,0.001007250868316342,0.031364728179785334,-1.31565353649246,0.0010086634411399246
2880,3481,model1,0.4636003547763341,-0.5363996452236659,0.8372183930973162,1.062941831959331,0.15586666666666654,2.2066093672457047e-05,0.0011541510847224395,0.0405714497862144,6.084044521163799e-16,0.0011489189011760098
2880,4938,model1,0.6086498649124611,-0.3913501350875389,0.8260482744999394,0.5356824681121118,0.1165466666666667,-2.1256024117180717e-05,0.0009728041292615073,0.15322422574955086,-3.4910547959796453e-16,0.0009620094193967002
2880,9904,model3,-0.8499614832416511,0.15003851675834892,0.045249415080201166,0.6567867974666033,0.11578666666666665,-1.7975674512993831,0.0012289800156401929,-0.1457852841590345,-1.7975808763106793,0.0012378422573229506
2880,1504,model3,-0.9726509648579384,0.027349035142061582,0.13586766047765705,0.5782853886992245,0.11383999999999996,-2.6249505264230435,0.0014468956126298075,-0.11614204586422948,-2.6249890843923236,0.0014608053247023329
2880,1802,model3,-0.961303342936822,-0.03869665706317789,0.001,0.5658849518114135,0.12430666666666665,-2.7846391532119887,0.0014375461925348106,-0.2887057472163467,-2.784699714562054,0.0014486926548518532
2880,2448,model2,-0.9070111134121812,0.09298888658781876,0.29944288742560204,0.6162922166488422,0.12214666666666678,-2.2372924280508597,0.001322278065278533,-0.2354695158964183,-2.2373428589352247,0.0013318853784485259
2880,2449,model3,-0.9880106440947628,0.01198935590523727,0.07379669033607468,0.5821980384874698,0.12297333333333345,-2.717777873796906,0.0014646705789853707,-0.2078164431949964,-2.717857948485763,0.0014847002072885974
2880,2603,model3,-0.935044956238736,0.06495504376126397,0.022468063571051917,0.6119094969623514,0.12080000000000005,-2.4405857482519733,0.0013763874163893908,-0.19880991746010354,-2.440636491639929,0.0013871523517384127
2880,2834,model1,0.42896873879376013,-0.5710312612062397,0.8202816077985836,0.7239579372593569,0.17489333333333293,2.010920403548629e-06,0.0008225115447186294,0.4416825380463825,-5.080142422847766e-16,0.0008276891439004952
2880,3034,model2,-0.9362164486055318,-0.06378355139446831,0.14381193332474396,0.5936717455807164,0.11364000000000005,-2.9125081387812943,0.0014114114639625199,-0.2901333774725789,-2.9125770604896957,0.0014385609500089098
2880,6176,model1,0.5848012082056343,-0.4151987917943656,0.8352570692819323,0.5391631443972387,0.16045333333333325,-0.00011699220650856824,0.0011692233303389448,0.01693967993878914,-7.022381268032294e-16,0.0011674619819950869
2880,9910,model3,-0.9974931464484464,0.002506853551553663,0.7216462964514354,0.5763747475445604,0.11734666666666667,-2.7720743136453656,0.0014841686611900954,-0.17492785441475509,-2.7721204504978214,0.0014990026435889644
2891,3481,model3,0.4811467747215154,0.5188532252784845,0.05913686582418619,0.4373657362699701,0.11331999999999998,2.6619781739882504,0.001399480404566876,-0.6380823450164134,2.6622182653214086,0.0012234275018523603
2891,4938,model3,-0.6496295673226492,0.3503704326773508,0.10609897864935812,0.3039967268125549,0.09458666666666676,-0.3825472399140559,0.0010379424869238355,0.9405199943478252,-0.38268228355564626,0.0008835168727422051
2891,6505,model3,-0.6771886682990559,0.32281133170094417,0.1940273595485453,0.7674367975909109,0.23805333333333356,-0.5184558184873329,0.000830229542788749,0.27632268526567755,-0.5184920103050306,0.0008149709880063651
2891,2201,model3,-0.7248598865993567,0.27514011340064337,0.6013444213535327,0.8455864264393983,0.2992133333333335,-1.2087124173793713,0.0008302787736996088,0.43854420304839387,-1.2087325637834219,0.0008128538088344282
2891,2449,model3,0.7172368524432684,0.28276314755673165,0.06529055856541995,0.648652927433239,0.17058666666666636,3.057403928158468,0.0009214809212547213,-0.031033392477847074,3.0574513423441663,0.000917059963865616
2891,5871,model3,-0.4560861748954505,0.5439138251045494,0.02752044293071001,0.5218890027626552,0.09356,0.8406600948719928,0.0008663672851169966,0.4594583712424411,0.840589957224844,0.0007968238115387995
2891,9914,model3,-0.8072197861209147,0.19278021387908528,0.05650053755727302,1.3463891050355128,0.23793333333333355,-1.4220766792143902,0.0008928373115823752,0.26293310196701875,-1.4220891424560695,0.0008922135961986282
2881,2883,model3,-0.5202442317208203,0.4797557682791797,0.16538411577168705,0.2857438332552318,0.04199999999999994,-0.9792766613349234,0.0006346439469961341,0.04352530037348955,-0.9792701495394798,0.0006328492163821896
2881,3034,model3,-0.6600738914947833,0.3399261085052168,0.746505145693631,0.4600162257515554,0.14526666666666666,-0.9250973379419128,0.0010466509526555693,-0.13890759242102446,-0.9252326777470624,0.0009532540345055946
2881,5871,model3,-0.3024489041680082,0.6975510958319918,0.1182877073150074,0.3318951733458409,0.08310666666666662,1.638727141518454,0.0009805239492956498,-0.7538740462243332,1.638726945110985,0.0009837439923187968
2886,3481,model3,-0.4827846311133631,0.5172153688866369,0.009316017932994582,0.4759257307548144,0.16342666666666655,-0.2456741047866293,0.0012745815039677806,-1.1228350324657423,-0.2455273662224423,0.0011454437128312444
2886,1504,model3,-0.7791961853898776,-0.22080381461012247,0.11523738096803952,0.2637843992219477,0.10836000000000012,-3.1409686448796714,0.001135039618590372,-0.4753408305420384,-3.1409709964299886,0.001140397500541973
2886,1802,model3,0.6789407010663571,0.3210592989336429,0.002477837404382893,0.4752408116396818,0.1680933333333331,2.9377253763078475,0.001176174013718758,0.2676942236085334,2.9378287918723993,0.0011444027555468468
2886,2823,model1,0.5203425849529287,-0.4796574150470712,0.8201850853113228,0.522664690935033,0.23046666666666654,3.610613167980059e-05,0.0007338988476840653,0.7920026695488064,4.785199016545107e-16,0.0007097566653890558
2886,2834,model1,0.4040210986656372,-0.5959789013343627,0.8379596105501742,0.4555365237756177,0.14946666666666655,5.203845790638706e-05,0.0007544943133551051,0.5074934802582696,4.3602150047435617e-16,0.0006863671699255024
2886,3034,model3,-0.6287740115612385,-0.3712259884387615,0.022106737564665548,0.2025405378880052,0.11512000000000007,-3.684420319442844,0.001738799939833056,-0.8025443763374479,-3.6842152080067385,0.0015143043998014627
2886,3044,model3,-0.18864255717547654,0.8113574428245235,0.011654850777090144,0.3393395426955228,0.07859999999999996,2.8230964261555247,0.0009203866726783573,0.17952234493261024,2.822944772035217,0.000896947645943402
2886,5871,model2,-0.3307363955879081,-0.6692636044120919,0.06372716630704163,0.2774381889660484,0.10169333333333344,-3.7022904699811887,0.0010650662947728118,-0.2437381910186765,-3.7022938665857272,0.0010672247969568049
2886,6176,model3,-0.5037241782564504,0.4962758217435496,0.007632825536572614,0.8189572073052568,0.14860000000000012,0.3931648794443605,0.0008336162168138775,-0.3127750838273541,0.3931422981342446,0.0008433774725802537
2890,2891,model3,-0.4570364998770864,0.5429635001229137,0.12080997446029855,0.6007263852620985,0.1268400000000001,0.567000195537515,0.0006740588064032008,0.09623647744163984,0.5669807639161802,0.0006822565981721594
2890,4938,model3,-0.5651582869716539,0.434841713028346,0.7736474493202743,0.3681548062912886,0.1695066666666662,0.6215195088745129,0.0006571004722298699,2.2870912159974424,0.6214152175995591,0.00045224417545386257
2890,9904,model3,-0.6394132791626137,0.3605867208373863,0.05463300806919735,0.3039398902256961,0.04381333333333332,-0.05028742568872066,0.0006343707923657418,0.2099763102310963,-0.05036198145761614,0.0006533499269848639
2890,2201,model3,-0.7048096020377811,0.2951903979622189,0.8695907498311395,0.4786444108587492,0.08665333333333322,-0.5971842837870482,0.0005837294729273469,0.3032101149769253,-0.5972528237989941,0.0005417302878468844
2890,3034,model3,-0.6443106222673786,0.35568937773262144,0.6448136378889003,0.2993820448630273,0.13018666666666653,0.2224226410225782,0.0011887720528395065,0.9929700883635754,0.22220609111005332,0.0009282913887572441
2890,5871,model3,-0.4249686606441148,0.5750313393558852,0.43031017413160455,0.4610589920923117,0.14069333333333314,1.3494818643119992,0.0007299119317693162,0.4831571489772005,1.3493974610547181,0.000642973736972498
4938,9904,model3,-0.5403227606810067,0.4596772393189932,0.14784748971385514,0.1247302312107562,0.05297333333333323,-0.5834308662640121,0.0010470111688190675,-1.322893346083545,-0.5832669569519501,0.000809574052138179
4938,1722,model3,-0.6754844640783789,0.324515535921621,0.38757934134697225,0.2859581410520133,0.08532000000000001,-1.717599561174688,0.0008917512650249412,-0.8674926771595288,-1.717493538615346,0.0008227463687728464
4938,1802,model3,-0.6548033769537559,0.34519662304624404,0.231696881062658,0.24745105042394636,0.04189333333333317,-1.9429458221463003,0.001641869554511492,-0.8631798196102608,-1.9427281141467088,0.0012876988390332989
4938,2834,model3,0.1443966246364647,0.8556033753635353,0.06482823709107517,0.4214587272012639,0.05217333333333332,2.4213490008057947,0.0008855053302008852,-0.16121231664196492,2.421402562487466,0.0008776470027961634
4938,3034,model1,0.5189905255544262,-0.4810094744455738,0.8776155266279521,0.6718048252222196,0.1456666666666665,-2.227821935239997e-05,0.001232150135645009,0.3099050806940847,-8.698348183117059e-16,0.0012228565170595467
4938,5871,model3,-0.3622935813564399,0.6377064186435601,0.1330994728597923,0.6474309974824087,0.09289333333333333,0.9796809899388618,0.0007987193182542227,0.1389666360924433,0.9797024317424303,0.0007948557568220568
4938,6176,model3,0.3775298277871989,0.6224701722128012,0.16162107502857276,0.31901519918530064,0.04726666666666651,4.087041169839054,0.0013136938538673936,0.5275037754893667,4.086887867584399,0.0011916203329722672
3481,4904,model1,0.6412586071273068,-0.3587413928726933,0.968549953977212,0.5436012178669702,0.08336,-5.267539998293103e-05,0.0014944146672045953,-0.17419337946565852,1.6827725602892355e-17,0.0014759308809605064
3481,4938,model1,0.6427905452381414,-0.3572094547618585,0.8258910594451134,0.3247602754148003,0.04767999999999988,-4.666405257182019e-05,0.0017907994184057782,-0.14322857220001373,-5.70895229562575e-16,0.0017540066362529225
3481,6505,model3,-0.7193401079693562,-0.2806598920306437,0.2854691141839769,0.502372852524869,0.1495599999999999,-3.0103493600518454,0.0016960523248511178,0.5449115449589306,-3.0105393643395155,0.0016133780745486393
3481,9904,model3,-0.9885926803174224,0.011407319682577691,0.037545780175668585,0.41258620946214586,0.06752000000000004,-2.3415607306475965,0.0024592904625952024,0.4167052619674358,-2.3416546176638904,0.0024375565951920723
3481,1504,model3,-0.7857674618253692,-0.21423253817463087,0.3277968285402263,0.4378434850851317,0.046613333333333236,-2.6045000533940272,0.0019394794203592485,0.5755518103722639,-2.6048355173437328,0.0017457985057564014
3481,1802,model3,-0.7608314180249491,-0.2391685819750509,0.03993445702470039,0.38617767642534206,0.07974666666666673,-2.4594429499352017,0.0019803996129125166,0.5858152382373424,-2.4598029680754943,0.001703647662808943
3481,2352,model3,-0.8154630313361949,0.1845369686638052,0.05247768271184432,0.6393822589175858,0.09993333333333328,-1.4861908853009018,0.0018798314314207574,-0.17266803071524758,-1.486223773506051,0.001874915428116277
3481,2379,model3,-0.7021009648461549,0.29789903515384497,0.03544871884634646,0.6412394649035005,0.2110533333333332,-0.2657897389134008,0.0015871912342999015,0.7633244524585219,-0.26594596277745736,0.0014761316698191098
3481,2603,model3,-0.7337213616033345,0.2662786383966656,0.03153497747446495,0.4112266607242891,0.046479999999999945,-1.074113146128377,0.0019044997404370997,0.6489019145404199,-1.0743364447708608,0.0017539808241898431
3481,2615,model2,-0.7560167353175982,-0.24398326468240186,0.7993370446145245,0.7685626020008905,0.2026533333333332,-2.5046439792349253,0.0015608773145417466,0.07486289425163511,-2.504746670172716,0.0015183247654560771
3481,2823,model1,0.5817417028731847,-0.41825829712681534,0.9629245675032484,0.6296028832071187,0.10310666666666664,-8.051792399465186e-05,0.001355382947737735,-0.39602180393442254,-6.11221603118564e-16,0.0013195250031554399
3481,2834,model1,0.4650059987053938,-0.5349940012946063,0.846188888351056,0.8489600341198956,0.13575999999999985,-1.9412415086339507e-05,0.0010361060312185524,-0.20465926214418512,-2.6315468080484213e-17,0.001037748227403339
3481,3034,model3,-0.7573000804178254,-0.24269991958217466,0.009666931000735457,0.556120493454421,0.09030666666666663,-2.96424588636732,0.0019099211501989368,0.0626235296212557,-2.9643402060587953,0.0019232477676435847
3481,3044,model3,-0.3578638190056815,0.6421361809943186,0.016696453971750173,0.33805302534934634,0.19748,1.8327268635762748,0.0010652597869505397,0.7241761725719631,1.8324868827685876,0.0008530684632160366
3481,5871,model1,0.6239192296374256,-0.3760807703625743,0.8242412079502123,0.3698353572562049,0.04470666666666665,-4.615901262294534e-05,0.0016662391477585536,0.0045707479922586745,-5.810205461913313e-16,0.0016504496198287313
3481,6176,model1,0.619733321687755,-0.3802666783122451,0.6404856239680657,0.4774263402248332,0.08742666666666671,-6.490372858097615e-05,0.0014336022924839225,-0.6706689294083968,-1.6038122456634734e-16,0.0013830493108832858
3481,6269,model3,-0.8025868909712179,0.1974131090287821,0.011113201697306369,0.4146263325749637,0.06533333333333337,-1.0497139733881249,0.0019569781229924555,0.47945043758551203,-1.049761108546351,0.001949484454751322
3481,9910,model3,-0.930806657439572,-0.06919334256042793,0.6619073472824532,0.4886229667584272,0.07220000000000007,-2.5960653178939785,0.0022264044145047512,0.4067933946516109,-2.596171883714305,0.0022008508669776857
9904,1802,model3,-0.4967066966201274,0.5032933033798725,0.04561675282432595,0.3380303125715381,0.050879999999999946,-0.5921591720292376,0.0019306139841144046,-0.2925036063309328,-0.5919275453568048,0.0017705502312959287
9904,2823,model3,0.08896356723577607,0.911036432764224,0.041156667728579135,0.2825726836151132,0.04730666666666659,3.398670736129341,0.001192952561770007,-0.4217907947853562,3.398694119484004,0.0012023169353401956
9904,2834,model3,0.19246978559133635,0.8075302144086636,0.0427409893799386,0.4209602907570053,0.10734666666666663,2.4315885993927577,0.0008737005889333227,-0.387366855849106,2.4316909299245637,0.000804717632631561
9904,5871,model3,-0.30540440668404795,0.694595593315952,0.07095932141100672,0.6585142503555662,0.1859333333333333,1.6094021627735635,0.000820945405129372,0.5857191687023336,1.6093690801882818,0.0007928168383662191
9904,6176,model3,0.2563899192312933,0.7436100807687066,0.040866620833472575,0.4407329458633785,0.06432000000000006,3.9073218289043767,0.0013617424857966945,0.2282457225821421,3.9072179350739185,0.0013508823252236662
4904,1802,model3,0.5757427713003798,0.4242572286996204,0.1040560069191334,0.2538141540945029,0.04642666666666678,3.5896051425735904,0.0017884267291414914,-0.655325974725742,3.5899198343718464,0.0015372056149183116
4904,2823,model1,0.4376073871210317,-0.5623926128789682,0.9816281572035304,0.3208029469155501,0.08058666666666657,4.322894209799106e-06,0.0008095825264026338,0.747535623078993,-4.388911695487346e-16,0.0008125958952561956
4904,2834,model1,0.32716719499504143,-0.6728328050049587,0.9910575981717594,0.461695995746131,0.10920000000000014,3.878837993110433e-05,0.0007350715340263656,-0.22514836360888446,8.330010301596315e-16,0.0007142038517881223
4904,3034,model2,0.3766526047280488,0.6233473952719513,0.6411843391786496,0.3091830475678197,0.11218666666666666,4.544840320027718,0.0019351111909665754,0.13113857328882336,4.544798784859905,0.0018915467381925158
4904,6176,model3,-0.3644934590705979,0.6355065409294022,0.11769619697458718,0.4672228978445834,0.21246666666666664,0.9269798854653616,0.0011126161530347646,0.9594931731282734,0.9268404210793069,0.0010796466345614313
6505,2834,model3,0.2118483499137258,0.7881516500862742,0.3117693414699976,0.8174914807091087,0.12709333333333328,2.6151013996355674,0.0007036827054742983,-0.1742633302818652,2.6151466871004367,0.0006756941612830432
6505,5871,model3,-0.22433897767535807,0.7756610223246421,0.3592360593230182,0.3802998908589239,0.07799999999999999,2.0860704029284696,0.0010225294861513716,0.002968210002858348,2.0860176195083606,0.0009852462096146904
6505,6176,model3,0.3292271837011093,0.6707728162988906,0.2588437436323882,0.7285502291231777,0.08273333333333326,4.13306048823981,0.0010726877672604003,0.2997563048558743,4.133007335259504,0.0010652578821832945
1477,2449,model3,0.3808161347341623,0.6191838652658377,0.07679554383137553,0.6723269698733013,0.15918666666666662,3.990844404096545,0.0008979696161610869,0.08187260422143326,3.990909032494515,0.0009068639170008267
1504,1802,model3,-0.4952556766026274,0.5047443233973726,0.13472239751662274,1.3288119209953602,0.1982,-0.32183031040008403,0.0011837550490821204,-0.4066057079942256,-0.3217679634812746,0.0010999878370894665
1504,2834,model3,0.1603548798813561,0.8396451201186439,0.21354508190083527,0.78852267681671,0.2066533333333332,2.2912952402298066,0.0007768584067067777,-0.3412068168041951,2.291375096869867,0.0007154585604275573
1504,3034,model3,-0.3755929609831143,0.6244070390168858,0.2507715317681846,0.27276734969581784,0.14173333333333335,1.682969160690457,0.0020786130526398014,0.585321916310491,1.6826182339826037,0.0017015758356712393
1504,5871,model3,-0.17914424607766952,0.8208557539223305,0.16946366207517402,0.39185440251421616,0.10885333333333336,2.693368239001148,0.0010445699923477248,0.16224918430055246,2.6933365716595365,0.0010276840753774888
1504,6176,model3,0.2634434568400587,0.7365565431599412,0.12506376516873266,0.9330939106145768,0.15653333333333344,3.7678062140215887,0.001059324655941656,-0.038721611294496534,3.76777855500886,0.0010558935647983394
1504,9914,model3,-0.5725067436495173,0.4274932563504827,0.13416322979377626,0.6593971326688874,0.11671999999999988,0.19888174973876904,0.0012184982665305044,0.1425142362388785,0.19885861287190104,0.0012323473118458878
1802,2448,model3,-0.5115878838226616,-0.4884121161773383,0.024841145697388618,0.3149227365124045,0.0999866666666668,-2.88282831038702,0.0020225919973800768,0.5345390640130397,-2.883146756149314,0.0018509641247946365
1802,2449,model3,0.4748917632558709,0.5251082367441292,0.050224887320462916,0.7216815707978025,0.10531999999999987,3.012683879098013,0.00141282821178978,-0.5618760575000411,3.0128044034289156,0.001318172005186761
1802,2603,model3,-0.6412391957352933,-0.3587608042647067,0.019473411332587686,0.22608697122155355,0.07687999999999998,-2.6102228031454895,0.002770659083172135,0.4079645566440587,-2.610699242817286,0.002497731918731966
1802,2823,model3,0.21093374734308215,0.7890662526569177,0.001773524953597427,0.8316036050691251,0.2114133333333332,3.1982553452013565,0.0009729488179886156,0.1787456426884207,3.198336277143009,0.0009290683106401197
1802,2834,model3,0.18688240814520288,0.813117591854797,0.011718477715458146,0.5870358985008263,0.13021333333333338,2.192623656215193,0.0009775956936251301,-0.5987614511522049,2.192740799644498,0.0008296403922273463
1802,3034,model3,-0.39972838492910695,0.600271615070893,0.0943653202983175,0.2580529974260779,0.08733333333333332,1.769795071710102,0.002333326040172101,0.751598510020437,1.7694293852041292,0.0018465596690389128
1802,6176,model3,0.31486832580788504,0.685131674192115,0.0019522402583170965,0.8286998382529701,0.1668133333333332,3.515329262962096,0.0013490990256261734,-0.3220315221512241,3.515384492789432,0.0013230461534424255
1802,9910,model3,-0.7447470288783947,0.2552529711216054,0.6206687169506233,0.31704705150800305,0.035599999999999965,-0.6502578722189982,0.002626888113277272,0.4869594254106834,-0.6505859811256443,0.00221604460432932
2201,3034,model3,-0.4243372620444769,0.575662737955523,0.9675208748639716,0.40239905898286,0.09896000000000002,1.2847973272563222,0.001684310250430877,0.6942310944013971,1.2845513034559746,0.0014467502659586365
2352,2823,model3,-0.14517234735920398,0.8548276526407959,0.09086947721198148,0.3641838249097211,0.07911999999999991,2.490204207506629,0.0011525982419694194,0.8279166236291675,2.4901004699433793,0.0011113522439236336
2379,2448,model3,-0.4516602273786759,0.5483397726213239,0.039445456377965586,0.40545513856346266,0.08349333333333338,-0.4266861886776122,0.0014740957145045125,-0.5913680039321729,-0.4266466208263587,0.0014898670306669334
2379,2603,model3,-0.5237994562678967,0.4762005437321032,0.03694359626231455,0.3800809867699823,0.07572000000000004,-1.2662189297549622,0.001926238810241013,-0.5814863632925618,-1.26618210387264,0.0019405750566262438
2379,2823,model3,-0.22445211738188808,0.7755478826181119,0.05858839267849671,1.72355389984227,0.18750666666666668,1.5267048854300698,0.0007681313440274536,-0.18532871368317488,1.5267300468436744,0.0007697730986596167
2379,2834,model1,0.3043254887394531,-0.6956745112605469,0.9088867564941508,0.36840605567066737,0.10206666666666664,8.921340704074836e-05,0.001132854453401366,0.08243163226460429,5.560946486072421e-16,0.0010785903104338567
2379,5871,model3,0.08131875155763872,0.9186812484423612,0.004330105060354906,0.27917386618820794,0.08402666666666678,4.067366547989841,0.0013442958871462034,0.05973552892483262,4.067411911590213,0.0013714717723564468
2379,6176,model3,-0.30260108098193816,0.6973989190180617,0.011263175439176452,0.9045162885123404,0.16127999999999976,1.291673708301928,0.0011901927613527533,0.07984494346159254,1.2916282619095016,0.0011871174257519542
2449,2823,model3,-0.1968527731181696,0.8031472268818303,0.07354430239615514,0.5643937672162529,0.07097333333333343,2.0303059796325744,0.0008778840059086195,-0.15588022305063834,2.030335458616634,0.0008816627955863804
2449,2834,model3,-0.16570409876780076,0.8342959012321993,0.07018801863105481,0.5273214795291065,0.15513333333333326,1.189800425156794,0.0008286174355304227,-0.2129664701507604,1.1898748901016216,0.0007693098834390134
2449,5871,model3,0.20190573520169966,0.7980942647983004,0.09492798772725504,0.4360413607156366,0.12285333333333336,3.8769983326363633,0.0010531166154836556,0.10428976186450932,3.876995548403471,0.0010545434523894083
2448,2449,model3,-0.5668094452738234,0.4331905547261766,0.08021169950511217,0.5542807934620984,0.1276533333333333,-0.3336271717594013,0.0008944497948776931,0.540618342190175,-0.3336555829044531,0.0009053990983132228
2448,2603,model3,-0.5604389451657987,0.4395610548342013,0.054463974112030335,0.8066324091922376,0.12345333333333333,-0.627831898790786,0.0010040573440692024,-0.04686191637728269,-0.6278449271808386,0.001007589310988629
2448,2823,model2,0.24795403203038194,-0.752045967969618,0.30349589600912724,0.5710006991134463,0.14370666666666662,-1.737695907148759,0.0008273328637116349,-0.09324596808585407,-1.737695463443936,0.0008280911966426028
2448,2834,model2,0.17834130389334016,-0.8216586961066598,0.2886005689627628,0.4140642565486933,0.08455999999999995,-1.1576805569805095,0.0008712571033617851,0.05823255990481919,-1.157733887134271,0.0008191832371625709
2448,3034,model3,-0.1153553878907765,0.8846446121092236,0.008936842178532562,0.2526510880275927,0.08734666666666682,3.7786385507304017,0.0029240347861569484,-0.19378799915618505,3.7785478162592576,0.002867777886070775
2448,5871,model2,-0.17924656611581205,-0.820753433884188,0.21920340095241567,0.3696063089414623,0.1755466666666663,-3.853868825363808,0.0011073633189700655,-0.17122697159839878,-3.8539321638196977,0.0011320456514240474
2448,6176,model3,-0.3066673349800255,0.6933326650199745,0.017119800289389437,0.4840390832696991,0.08618666666666668,1.754051490444419,0.0012607022284450895,0.2190043116051576,1.7539285332035561,0.0012697873941487404
2603,2834,model3,-0.10495281587854276,0.8950471841214572,0.009548126572516032,0.3737508148121213,0.05883999999999999,1.6026909838168963,0.0009714019342982752,-0.2445699951046771,1.602768748622734,0.0009212180851309157
2603,6176,model3,-0.17887943506356302,0.8211205649364369,0.02231712411720492,0.3532062558279165,0.04141333333333328,2.761292829130965,0.0015231482254965912,0.5032440777666577,2.761112404537222,0.0015120682391619137
2823,2834,model1,0.384581015510696,-0.615418984489304,0.9499791762922656,0.4910050890174105,0.12058666666666668,3.0730738418312714e-05,0.0006527367757912616,-0.14021631666240847,7.241532599365129e-16,0.0006336305483711387
2823,3034,model3,-0.7418329674978374,-0.2581670325021625,0.018739702166465283,0.3381199177121126,0.06628000000000002,-3.699148740461359,0.0012266684765966044,-0.10185795497708754,-3.6991085127990115,0.0012000887229666596
2823,5871,model2,-0.589150295326291,-0.41084970467370907,0.05206710168209576,0.32226745031299603,0.12447999999999992,-3.621889685465328,0.0009905783611559077,0.5227901761177942,-3.6219108798046573,0.0010038637479121229
2823,6176,model1,0.5395258708207603,-0.4604741291792396,0.7934589824207104,0.8421038175679668,0.16510666666666662,-7.439389863949615e-05,0.0008799153360177989,-0.3183305279479776,-1.6000542547781448e-16,0.0008751437939009496
2823,6269,model3,-0.7565270001446082,0.2434729998553918,0.014158339627415797,0.2876878864748442,0.06510666666666673,-1.445298297490674,0.0010347330969830179,0.015113520503011103,-1.4452355082704673,0.0010167968112055222
2615,2834,model2,-0.14984795613690532,-0.8501520438630946,0.8900855241664225,1.3442174430208795,0.1331333333333332,-2.2009016013185243,0.0007369358109268587,-0.1612600896582591,-2.2009162121684347,0.0007290925822207477
2615,3034,model3,-0.3264983077263331,0.6735016922736669,0.18808001500247093,0.4920403004226317,0.12173333333333318,2.24459973781346,0.0019330499263240984,0.4582792296647905,2.244507499724128,0.0018434029216061185
2834,3034,model2,-0.7152962232243716,-0.2847037767756284,0.02100411940995212,0.6097083020738652,0.11149333333333336,-2.8339250239724585,0.0009642926629068287,-0.3709366044430524,-2.8339190656086726,0.000971608168035455
2834,5871,model2,-0.5849104372306878,-0.41508956276931225,0.034065985049096366,0.5635578419851648,0.12982666666666662,-2.888290596892813,0.0007391521504127691,0.38717623925054856,-2.888326031336895,0.0007388887773040909
2834,6176,model1,0.6521746201800401,-0.3478253798199599,0.8321042632231952,1.5492233675217102,0.2481066666666669,-4.926916770868762e-05,0.000640163039813599,-0.5042104062938502,-5.515882333716034e-16,0.0005901909579558329
2834,6269,model3,-0.8101966352411732,-0.1898033647588268,0.0183808715448647,0.34774339046702885,0.06625333333333333,-2.551762362160352,0.0009387688922503953,-0.18254728378240245,-2.5518623161610137,0.0008925376252780133
2834,9910,model3,-0.9225627637819708,-0.07743723621802913,0.7328194499742864,1.0272715949496725,0.2107866666666665,-2.3267269717476493,0.000754786831928705,-0.15494028688757142,-2.3267862085951756,0.000724595843253969
2834,9914,model3,0.873130423254413,0.12686957674558702,0.06779438251047552,0.8929359658081295,0.16127999999999987,2.4521351436174044,0.0007958998556187624,-0.5437057448515686,2.4522027257091965,0.0007274261637837896
5871,6176,model3,0.574138879025756,0.4258611209742441,0.0017154991635366394,0.3017978125033765,0.08974666666666661,3.9729535557044247,0.0010661408467795013,-0.09776700165433247,3.972880695089424,0.001026471606887143
3034,3044,model3,0.2556556237477184,0.7443443762522816,0.11840320855243347,0.3625130295465989,0.1840799999999997,4.323048084958962,0.001134493449438055,0.94863242345973,4.322895177457741,0.0009689591875689476
3034,5871,model3,-0.253634840252742,0.7463651597472579,0.011103720492737364,0.4143152335746874,0.0676666666666667,1.799465122122362,0.0011839992385965926,0.0730576710201757,1.7995130889827684,0.001188135563044885
3034,9910,model3,-0.7930265790755893,0.2069734209244107,0.7176114920208314,0.6382634710588074,0.10046666666666663,-2.6677076400518467,0.0020180638815763467,-0.4161488717116349,-2.6675983889912644,0.001901156093458281
6176,6269,model1,0.533253933149105,-0.466746066850895,0.9067875871026562,0.17792428419677642,0.07862666666666658,0.0003417122973233422,0.0013899101204406727,0.021574068739581384,3.5406341656862455e-11,0.0012907961707269613
6176,9910,model3,-0.8852310356931208,-0.1147689643068792,0.7050969753156117,0.5832345771079033,0.22350666666666671,-4.061963758986964,0.0014889077957462179,-0.7099763150642809,-4.061848245461957,0.0014375800243231643
6176,9914,model3,0.7875982340238695,0.21240176597613053,0.045014711778791884,1.689888205126769,0.20221333333333308,4.136826836892103,0.0010603428872428334,0.21001895090704487,4.136794066714886,0.0010626664978881188
