stock1,stock2,model_type,w1,w2,pval,snr,zcr,mu,stdev,skewness,Emu
2105,2354,model3,-0.3329878994108478,0.6670121005891523,0.011322339466489868,0.6220261040234505,0.10726666666666684,1.7085327744806076,0.0007422202670335048,-0.42088820388730097,1.7085720327560274
2105,2408,model3,-0.16962044552052474,0.8303795544794753,0.003942029275073943,0.43777641261217604,0.05909333333333331,2.4394459184257555,0.0010635116303124431,0.5269941295189863,2.439512432699611
2105,2881,model3,-0.21613618598197407,0.7838638140180261,0.0779345674158672,0.08019645259740096,0.039999999999999716,2.2678647845928857,0.0019329926905998413,-0.610159072147204,2.268611420520009
2105,2884,model3,-0.22361466236201372,0.7763853376379863,0.0076864983739440675,0.25799231580464965,0.06890666666666684,1.4261050592023423,0.0013047649280923561,0.6168520187918564,1.426123444258934
2105,2885,model3,-0.3572976743086483,0.6427023256913517,0.01214020959019436,0.3484234031610226,0.07335999999999998,0.2201713011707357,0.0016772219143493961,0.6093121383521705,0.22022854698361413
2105,2886,model3,0.27916938610323866,0.7208306138967613,0.02407755933713636,0.19188766017296074,0.09066666666666673,3.4184534219725586,0.0012803806857538355,0.03473745952613085,3.418300290980402
2105,2912,model3,-0.1828494177652651,0.8171505822347349,0.01059800305716813,0.2735629311197713,0.0615733333333334,3.6277281838718793,0.0016525281456262967,-0.028408687306251342,3.627851156149128
2105,6505,model3,0.21916371006489846,0.7808362899351016,0.009306287458352559,0.21559247217848346,0.08527999999999998,4.280377035731417,0.0013453664024404325,1.078186479557991,4.280244353695091
2105,1536,model3,-0.4642611130175355,0.5357388869824646,0.013907233345956942,0.4948930962021588,0.12868000000000007,0.6118973114203976,0.0016644241861835047,-0.1910887325529413,0.611976414845288
2105,2867,model3,-0.24556273643445156,0.7544372635655484,0.01281686838717488,0.293890596275572,0.10744000000000006,1.2296274536978131,0.001607111485240815,0.16741042489775346,1.2297639964843063
2002,3037,model3,-0.35561400852920033,0.6443859914707997,0.052547519802267066,0.32529432534463004,0.07725333333333366,0.6429285429525151,0.0017151305757655145,1.07359338107455,0.6426285682192575
2303,2317,model3,-0.5269006405957228,0.473099359404277,0.014541802737241429,0.8127795646811696,0.12405333333333332,0.8182664236409861,0.0009250050992068149,-0.04448539186447077,0.8182824553375273
2303,2408,model1,0.6062080999497848,-0.3937919000502153,0.7621409165277301,0.6647758322476176,0.12305333333333325,2.9517745251781408e-05,0.0011400438805746769,-0.4745979637659785,3.7737072466748194e-16
2303,2881,model3,-0.5543698091030725,0.4456301908969274,0.013381132050485607,0.22218135604005465,0.07590666666666669,0.42999672123269617,0.0014629149574064946,-0.6913415611874231,0.4302074056977725
2303,2884,model1,0.5509541728623525,-0.4490458271376477,0.8110430951467317,0.798739070568986,0.16601333333333326,9.526213833950248e-05,0.0010267950309549988,-0.17996473234600374,6.659816788934594e-05
2303,2886,model3,-0.8205698790320599,-0.17943012096794006,0.018468975107152008,0.3439247133086517,0.1044,-2.5756039835702613,0.0017730393147739195,0.022011629101979718,-2.5755256326651015
2303,1507,model3,-0.7961616100111638,0.2038383899888362,0.4623856303172019,0.588133709414884,0.21449333333333329,-1.1346660809521971,0.0014077779609295519,0.09713663048535084,-1.1345821495710013
2303,2603,model3,-0.7653571692737348,0.23464283072626524,0.03357780983560977,0.8564711644802651,0.17294666666666664,-1.2348505561476864,0.0012983082055954829,-0.059061100761367114,-1.2348613673099096
2303,2609,model3,-0.7664576319745698,0.2335423680254303,0.009452026723141304,0.5541277389793566,0.11454666666666667,-1.326366281983645,0.0015145954095265582,0.4320952324052226,-1.3264392410033747
2303,2610,model1,0.5023965951914062,-0.4976034048085937,0.8957579145530046,0.6252920412397085,0.11354666666666675,0.00013651204272521866,0.0012284092557685296,-0.13834695827603316,0.00021851891975642937
2303,3037,model3,-0.5225909895627535,0.4774090104372465,0.004477280717316625,0.9214100807903418,0.11262666666666675,-0.016291566338193012,0.001210999101396404,0.6206706947680143,-0.016360022809372543
2303,3231,model3,-0.6847887548667787,0.3152112451332214,0.05886635194520221,1.0436472089345166,0.2198533333333332,-0.7593167562165047,0.0010887943446789706,0.0798174544516063,-0.759318332266453
2303,4958,model3,-0.7344352298068293,0.2655647701931708,0.01829831867255136,0.34103245009074395,0.1249733333333333,-0.5843774431040746,0.001581061922430234,-0.03029364433802317,-0.5842394145268517
2303,5522,model3,-0.7134227454765185,0.28657725452348154,0.3395458914540851,0.4218585078693509,0.10773333333333343,-0.711128739713711,0.0014881806207514266,0.3976600403587755,-0.7111791515068114
1303,2890,model3,-0.1765691698386728,0.8234308301613272,0.4682620588578765,0.7815500342186261,0.12632000000000002,1.262460497320181,0.0012586621472691175,0.194813036784934,1.262415962940666
1303,1722,model3,0.05206959393906235,0.9479304060609376,0.4696394646186481,0.08507447962725488,0.025626666666666492,3.7777990279333595,0.0017682147731767964,1.5579044083704414,3.777318001908017
1303,2847,model3,0.17841254761388112,0.8215874523861191,0.452216724304214,1.4822095811331983,0.1238933333333333,2.87732983487432,0.0012681884694815773,-0.03344148108044518,2.877324062775986
1303,3037,model3,0.19769764545907195,0.802302354540928,0.4752416246239581,0.3842649797239616,0.09158666666666672,2.9280336592941474,0.002053473683137956,0.3964176935274316,2.927872502267845
2308,2325,model3,-0.2468676490438272,0.7531323509561728,0.2510944048817725,0.11996672000210387,0.1087333333333333,1.5634713396719393,0.0014812577109931215,0.13819291631688424,1.5642083588865932
2308,2395,model3,-0.6219155120272079,0.3780844879727922,0.6910210434990045,0.5427728989274672,0.1334933333333332,-1.1220525119904334,0.001292957421150007,-0.9457734490390108,-1.1219262437930095
2308,2886,model3,0.16755921316288006,0.8324407868371199,0.014231275682527304,0.14443477630864526,0.039999999999999716,3.5033162274079706,0.0015604719915968874,-0.4439370222157412,3.5035652664467536
2308,1605,model3,-0.38948875817387696,0.6105112418261229,0.06752763443494522,0.4997873976999573,0.10207999999999992,-0.7485005864240863,0.0009800539438952925,0.2635175558701611,-0.7483515415980526
2308,2353,model3,-0.42365772928063744,0.5763422707193626,0.16589676619442895,0.4005121022548887,0.0576933333333334,-0.6471892340814221,0.0016291884001035165,0.3851268710741417,-0.6471171379194953
2308,2847,model3,-0.14695531934827472,0.8530446806517252,0.11193890204198163,1.0082467507829107,0.12144000000000002,1.4792859656661976,0.001418175787766925,-0.2929778669548082,1.4792819434649154
2308,3037,model3,-0.33324945228048497,0.666750547719515,0.16149659145819914,0.804813411532761,0.2349600000000001,0.06102714450405468,0.001435709960735391,0.7256093279683654,0.06099762855776751
2317,2883,model3,-0.706496452952361,0.29350354704763904,0.01392524408308476,0.15748590180397598,0.05345333333333326,-2.489179492334663,0.0010007158270760434,0.4195751517329107,-2.4891818729198643
2317,2885,model3,-0.6535630412383736,0.34643695876162645,0.016618849162770517,0.3872897060481594,0.09103999999999997,-2.0140286607568796,0.0010046840676917492,-0.18781367018032444,-2.01403023047159
2317,2890,model3,-0.3753781500420807,0.6246218499579194,0.017098093064959106,1.0851091580393086,0.15717333333333325,-0.1642169743055968,0.0009219791800774996,0.2551185840889207,-0.16421169057650303
2317,2912,model3,-0.5544871868935641,0.44551281310643576,0.02113619236115368,0.4435672165125297,0.08282666666666667,-0.0882158148664269,0.0008929268254420155,0.4394753979124442,-0.088158416961477
2317,6505,model3,0.377808736657797,0.6221912633422031,0.00814206543992455,0.2352959138000203,0.07486666666666676,4.388566669738303,0.0010710086609828258,0.7724421987586781,4.388578489584889
2317,1536,model3,-0.7385645561417424,0.2614354438582577,0.02690606886564718,0.2365570981938301,0.10506666666666677,-2.075583431615181,0.0012295085956353824,-0.13441521797402906,-2.0755725603323145
2317,1722,model3,-0.3991493291863998,0.6008506708136003,0.008720516640258812,0.2406490151453005,0.15226666666666694,0.483000441035005,0.0007864727547016357,1.5454607123285111,0.48286429205891607
2317,1789,model3,-0.7426329935448575,0.25736700645514266,0.016180504130442728,0.23505660573044354,0.07745333333333332,-2.3489961004996167,0.0009147407272755023,0.1770857152697075,-2.3490076504374136
2317,2204,model3,-0.4803558859226146,0.5196441140773853,0.02189973727454,0.28353210584711913,0.1848399999999999,-0.4848533176978269,0.0010910072431765444,-1.0209206585171209,-0.48471495313337776
2317,2353,model3,-0.6404569261399509,0.3595430738600491,0.026888985887709813,0.2820713843269862,0.06196000000000005,-1.9063939913329773,0.0010629802219131164,0.19948350428988307,-1.9063869407411815
2317,2603,model3,-0.7486407482141176,0.2513592517858824,0.045914255623714914,0.7275967974979818,0.12470666666666673,-2.6516059399800107,0.0008278224178380179,-0.2037774507387531,-2.6515767703207636
2317,2618,model3,-0.5307901237439935,0.4692098762560065,0.04579602387583431,0.6068687005270219,0.13377333333333333,-0.9713242011011024,0.0006902395702442116,0.4946914060611832,-0.9712831335838347
2317,2867,model3,-0.5557158304764979,0.44428416952350197,0.02698671601750807,0.4421377848318687,0.09238666666666673,-1.1664408292519766,0.0009421239851854293,-0.2958688392943759,-1.1663920658782474
2317,3034,model3,-0.5868624883565462,0.41313751164345375,0.014314204759731898,0.3505455062188728,0.07624000000000003,-0.640327872115461,0.0012981020155458766,0.2082801118652932,-0.6405442662653156
2317,3037,model3,-0.5094090714191997,0.4905909285808003,0.015324538227208187,0.6823905130816764,0.1286933333333332,-0.971877460087374,0.0010227481862266838,0.0973459841040371,-0.9719288879642596
2354,2408,model3,-0.3106041710312659,0.6893958289687342,0.014186412861096457,0.4630140238804895,0.0998666666666667,1.1723038254923417,0.0009375941899900821,0.5781114521357007,1.172345921880361
2354,2801,model3,0.1102358246141722,0.8897641753858279,0.006609340582234636,0.3658878688447776,0.09646666666666663,2.9949522805407387,0.0015478689332602494,0.26042864562741896,2.99518431663293
2354,2886,model3,0.3855885377899686,0.6144114622100313,0.03626738566887085,0.29681114570287803,0.09089333333333333,3.718306027056552,0.0009157744247982383,0.1253036491365315,3.7182674207057573
2354,2890,model3,-0.16664829568344888,0.8333517043165511,0.030322945659957263,0.6754740162415809,0.10910666666666656,1.2477118667751763,0.0013856245955503805,0.06148653819700786,1.247709090231325
2354,2891,model3,-0.3958161297559665,0.6041838702440335,0.02898607745784388,0.4148522882955015,0.17269333333333314,-0.02387905567234781,0.0009901851405663671,-0.9606689365625832,-0.023776061806366957
2354,2912,model3,-0.4086468311821629,0.5913531688178372,0.037301322196385774,0.2651446764528807,0.06391999999999996,1.2897845338810736,0.001236120730843351,-0.08951666008806614,1.289880505624335
2354,6505,model3,0.3069489209145289,0.6930510790854711,0.020835390818886815,0.3630253890175536,0.12032000000000012,4.419062216054424,0.001045397947694354,1.110297188423321,4.419044835430019
2354,1536,model3,-0.6281237947442045,0.3718762052557954,0.0356678736814578,0.526934959300203,0.17432000000000006,-1.1491844753883602,0.0011358589618361658,0.0074794567394778294,-1.1491649470715886
2354,1722,model3,-0.3431299929699342,0.6568700070300659,0.017336324564533875,0.5075556328065498,0.09846666666666663,0.9009963587933899,0.0006656610015681082,0.8615798265829241,0.9009211341645237
2354,2204,model3,-0.04869226437010935,0.9513077356298908,0.022693569623712214,0.2240738572806802,0.035946666666666564,2.8033208368768596,0.002061978422423434,0.15305373499058125,2.8035008373197976
2354,2353,model3,-0.5265917584149995,0.4734082415850006,0.04715231967180286,0.4158151942249621,0.10422666666666662,-1.165122780599644,0.0012214767768778654,0.4479756013321379,-1.1651017867550244
2354,2603,model3,-0.6370408554166387,0.3629591445833613,0.046748293478748766,0.5387188983986163,0.1223333333333334,-1.9308763699710456,0.0009993631282830544,-0.3097462660066082,-1.930825743579963
2354,2609,model3,-0.5392267435164738,0.4607732564835262,0.030611977182532307,0.7101761117050395,0.10502666666666677,-1.3883173536048137,0.0013440770096883913,0.09417124753837224,-1.388328957493925
2354,2618,model3,-0.3895307933861437,0.6104692066138562,0.04079996855686284,0.4748381621746498,0.09930666666666674,0.028439430645399374,0.0008465829306759287,0.08588923174677615,0.028499259394825262
2354,2847,model3,-0.07106494301730873,0.9289350569826912,0.031516574661112386,0.7501100171795998,0.09412000000000004,2.1019176875985166,0.0016524729835745314,-0.08694631244972965,2.101886815661682
2354,2867,model3,-0.4002008515331855,0.5997991484668145,0.03720058758717782,0.4193813870204381,0.13182666666666662,-0.06588563225585678,0.0012710784971828471,-0.08834665587252225,-0.06581634788937676
2354,3037,model3,-0.4165137074383704,0.5834862925616295,0.03027393062310637,1.2553339811127135,0.16522666666666666,-0.36414241758853705,0.0010805423058963671,-0.06437704741153855,-0.36417705565640823
2325,2801,model3,0.2965886622198904,0.7034113377801096,0.022008993235805074,0.4820020715596284,0.07809333333333328,3.080607673999625,0.0010813800274403122,0.16796701201331507,3.080655658870394
2325,2881,model3,0.4354830152482521,0.5645169847517478,0.06121654640005145,0.21360428901409967,0.13698666666666676,3.892237778125331,0.001187308968128516,0.3213705692708902,3.8928459596106064
2325,2886,model3,0.4719258681395537,0.5280741318604463,0.08254642828154464,0.3180196759888224,0.1039066666666666,3.4488683280144445,0.0008282002502815098,0.3565345567149549,3.4491246078034763
2357,2408,model3,-0.22421816603219868,0.7757818339678014,0.2287235032114114,0.7472610306158477,0.11266666666666668,1.6467338861561227,0.0009465503100440814,-0.1746813024752734,1.6467654019910924
2357,4904,model3,-0.2839930852359122,0.7160069147640877,0.2407408206335029,0.4648595810221356,0.09393333333333337,1.4388378869138017,0.0007303309668105255,-0.419556936226862,1.4388358460762478
2357,1536,model3,-0.4703310064676341,0.529668993532366,0.174021241402268,0.37902074210019104,0.062186666666666675,-0.2114244250181221,0.001861760061189725,0.04823475061980465,-0.21144659338045863
2357,2353,model3,-0.3843386406651319,0.6156613593348681,0.16497906844639826,0.7179828108336089,0.09958666666666664,-0.5619388661493594,0.001352261230799466,0.10323931835347874,-0.5619406332266551
2357,2498,model3,0.5202842380109132,0.4797157619890868,0.3042806903681552,0.2579296352237221,0.14389333333333335,4.939497861467797,0.0020733941970556614,1.0023077194714385,4.939094333945944
2357,3037,model3,-0.2539017596671845,0.7460982403328154,0.17072430516974138,0.5966815611957349,0.2359466666666667,0.5307835850223441,0.001611640099798119,0.11351718247098412,0.5306887920504462
2395,2886,model3,0.06477916676598648,0.9352208332340136,0.07377849661443242,0.11344729402665495,0.053986666666666704,3.327074654957462,0.0018370352848404519,-0.7666888153310539,3.327218743080509
2395,2890,model3,0.02152056219560916,0.978479437804391,0.4542215800793859,0.5199322423220523,0.05353333333333332,2.4763678207551587,0.0017261352161155323,0.005577607626806594,2.476335790063395
2395,1536,model3,-0.3793932498053612,0.6206067501946391,0.3911048005898985,0.3250367902892555,0.11956000000000007,0.8192883675071979,0.002560328518926484,0.7685547324738616,0.819208333072134
2395,1605,model3,-0.2445340043601319,0.7554659956398682,0.1164237735645342,0.3079930831208212,0.08207999999999999,0.2060286593551261,0.0012668503869996484,0.4844521949872757,0.20606234090087341
2395,1722,model3,-0.11059172463277488,0.8894082753672251,0.4391600503429857,0.08761600407236049,0.04066666666666654,2.7450580705470107,0.0016140783198372974,1.803853522861494,2.7446911720861653
2395,2353,model3,-0.2758032943277671,0.7241967056722328,0.4595857968703013,0.2997322193097811,0.05953333333333331,0.4064304450219286,0.002132129762172028,0.5022288489487986,0.40636975216067334
2395,2847,model3,-0.11089248057250817,0.8891075194274918,0.4397707296807448,0.9840489614352504,0.1083333333333334,1.7218261965695356,0.001438811116452895,-0.16137881104136267,1.7218060956002694
2395,3037,model3,-0.1838113015497356,0.8161886984502644,0.4448169244561141,0.43144085988271735,0.11814666666666665,1.1585931773925902,0.001946018334295286,0.9050959788930312,1.1584429210038234
2408,2801,model3,0.10671029609331398,0.8932897039066859,0.017079164617725184,0.3216730860993089,0.04753333333333329,2.9020528401359327,0.0016058798098524114,0.07278718635151336,2.9023235349989798
2408,2890,model1,0.3907155811284767,-0.6092844188715233,0.8442207589000429,0.6664999398197083,0.1166400000000001,-1.6665428158996556e-05,0.0011318582930031904,0.2552578200875134,8.33729034167235e-17
2408,4904,model3,-0.5712120833552207,0.42878791664477933,0.1337041316826388,0.7244802090748851,0.10222666666666663,-0.32261733330077275,0.0007322648419805488,-0.3206592448519053,-0.32264195252981903
2408,4938,model3,-0.6273086140031991,0.3726913859968009,0.15955403658109055,1.0283293405960487,0.13079999999999986,-0.6905544313240431,0.0007312221017201246,-0.05459974224426062,-0.6905711165462523
2408,1789,model3,-0.7712999639026435,0.22870003609735634,0.039127735828368086,0.6056700718655794,0.10839999999999997,-2.0510890591179294,0.0009581197168602008,0.259710279645409,-2.051136990207456
2408,2201,model3,-0.7795996544310136,0.22040034556898636,0.06794862668131235,0.7478146424525028,0.09268000000000004,-2.167737761695728,0.0008893972992799578,0.23935159375779194,-2.167785524245182
2408,2204,model3,-0.35858125743025404,0.6414187425697461,0.01987359930175721,0.2898179740671471,0.10010666666666664,0.6917541164196123,0.001423067261329524,-0.2140032743310125,0.6918813159577232
2408,2353,model3,-0.6619383005153238,0.3380616994846761,0.042362866263690326,1.1827329503126751,0.1614133333333333,-1.6018443191912304,0.0008766281328272935,0.15230863691190907,-1.6018655594681737
2408,2498,model2,-0.8428089913959881,-0.15719100860401192,0.10362890339087086,0.3041337510242085,0.0844666666666667,-3.821882923533312,0.0013872652898991842,-0.6117911364137943,-3.8218136737649724
2408,2603,model3,-0.7647990759547428,0.2352009240452572,0.046755786024384315,0.4071031256634899,0.09308000000000012,-2.2397507003468253,0.0012228187974787474,-0.17435927821290104,-2.23976406946247
2408,2610,model1,0.3960733367404812,-0.6039266632595188,0.9009428014670171,0.3679292821824096,0.14517333333333346,7.773614267783113e-05,0.0015136449653936515,-0.3898878655348812,5.548808195571405e-16
2408,2618,model3,-0.50183770839195,0.49816229160805003,0.03160308786510889,0.3690514460041482,0.09597333333333337,-0.4105292059751515,0.0009811578599055763,0.01959606470425885,-0.41050111595006955
2408,2847,model1,0.4099250343387893,-0.5900749656612108,0.8286462452962293,1.0906998935873389,0.1665466666666665,4.0950064471534374e-06,0.0011078875283630917,0.3821374985593513,-2.1133659213307483e-16
2408,2867,model3,-0.5587914379012892,0.4412085620987109,0.035093898993638836,0.5247900187471212,0.11689333333333345,-0.8037718244554976,0.0010315666648865992,0.4648803615778726,-0.8037599014163701
2408,3034,model3,-0.6784586418285204,0.3215413581714796,0.05401093593929642,0.7044698967609863,0.11061333333333344,-1.0171119980855603,0.0011185957426376792,-0.26639113073724435,-1.0171743619307558
2408,3037,model3,-0.5415683379843512,0.4584316620156488,0.030746419651478906,1.0081200068252671,0.17248,-0.8263771850864263,0.001024368989312758,0.20102650856582996,-0.8264365558156493
2412,2886,model3,0.6739088462865024,0.3260911537134976,0.033940351092756824,0.3617946413790764,0.1285466666666666,4.128836282707241,0.0007659532189100731,0.4582613436527761,4.128813553480096
2412,1477,model3,-0.7237877447024036,0.2762122552975964,0.09017264695000278,0.7432935877189508,0.12425333333333342,-1.7719536962030429,0.0005611944236710949,0.16157809880491406,-1.7719669346035936
2412,1789,model3,-0.8454142957517377,0.15458570424826235,0.02879929232669739,0.2867600792034217,0.08174666666666668,-3.3036373452981365,0.0007327313168309285,-0.09511750026753668,-3.303638613915217
2412,2353,model3,-0.7694660783770348,0.23053392162296515,0.04373987325602026,1.1273332220592112,0.14091999999999993,-2.924280693434996,0.0005451759389485334,0.20777605341511565,-2.9242769771256234
2881,2890,model3,-0.3307886257464987,0.6692113742535013,0.02567421098612918,0.955422400487974,0.19978666666666667,0.2894103510656194,0.0010540831421540784,0.4355629020569669,0.2893769118705126
2881,1722,model1,0.4842429983083657,-0.5157570016916344,0.8274958171901966,0.08349099939317772,0.1795199999999996,-0.00047532578874164217,0.0014228793446012455,-1.526666197572771,-4.117258584835428e-09
2881,2204,model3,-0.3708417161129451,0.6291582838870549,0.018308842268501904,0.32823106894549275,0.08337333333333326,0.5164072518322121,0.0012384447223619047,0.7377498323596837,0.5164335915973911
2881,2609,model3,0.08098291338033728,0.9190170866196627,0.005629580387978121,0.1720535483619887,0.0293199999999999,2.4731175175032623,0.003887556056744313,0.6304514753566703,2.4719364041123484
2881,2610,model3,-0.5243381555174618,0.4756618444825383,0.012103707606546232,0.5871621660547091,0.12317333333333327,-0.926363521936841,0.0011101683685608911,0.5455755310206423,-0.9265536199996035
2881,4958,model3,-0.8204938265005316,0.17950617349946835,0.01608426012575799,0.13378672059180502,0.07190666666666659,-2.4674943149520177,0.001543146537663507,0.236957003295237,-2.467821516541696
2886,2912,model3,0.4646863074479358,0.5353136925520643,0.013711904302002456,0.21658708442780847,0.05937333333333347,4.337779117736722,0.0015084092859127419,-0.013422808561690031,4.33782840902473
2886,6505,model1,0.5775762160453115,-0.42242378395468855,0.7859283084583917,0.3384270316742899,0.10116,-5.588853496545069e-05,0.000930862125209855,-0.6316707048869061,-4.104668309913952e-14
2886,1605,model3,0.5844964885642276,0.41550351143577213,0.0378391616627805,0.2991971234779171,0.09838666666666664,2.7021615781208905,0.0010141956054113973,0.8356536241406876,2.7021863354157034
2886,1722,model3,0.3607959747496798,0.6392040252503202,0.0102665960846154,0.1968542475584585,0.07230666666666664,3.5516868414236518,0.0010038755159235114,0.8596907329016138,3.5515134003153634
2886,2204,model1,0.4998946400106842,-0.5001053599893158,0.7767490236839857,0.2883619928800468,0.06581333333333335,-3.378142036754017e-05,0.001128068861741948,-0.7576736277411743,-6.186248148955434e-14
2886,2609,model3,0.6168719233070301,0.3831280766929698,0.026432829292483497,0.5368549373914571,0.15972,2.858803470701194,0.0013755384269019154,0.16566366542199532,2.858633263309585
2886,2610,model3,0.22215647867324206,0.7778435213267579,0.005760021874395079,0.3550108253578387,0.0790933333333333,2.625276210540416,0.0019239545181692368,0.4435659986208545,2.6249870355413054
2886,2867,model3,0.4798390450910308,0.5201609549089692,0.016942835808650383,0.25065491785799315,0.05344000000000005,3.056782648811692,0.0013701819188653526,-0.06826701169086087,3.056815368496461
2801,2881,model3,-0.7768896271440884,0.2231103728559116,0.0061352208705481685,0.3944371121797989,0.06558666666666664,-1.2815527907529158,0.0013038423668163687,-0.02572662474455881,-1.2817313820988248
2801,2884,model3,-0.7727536428390983,0.22724635716090166,0.057976012927217976,0.3193376068869768,0.30730666666666684,-1.4822119530926667,0.0014009907186587974,0.5606309502177724,-1.4824814629374234
2801,2886,model3,-0.6651198273139293,0.33488017268607073,0.007195169777677719,0.6006678438452574,0.10480000000000007,-0.7963597083328576,0.0009615402321224393,-0.6311438859349342,-0.7964378172659666
2801,2890,model3,-0.502597126943234,0.497402873056766,0.009705490121675904,0.5783026513195044,0.16633333333333325,-0.2074589233666984,0.0010180569716876915,0.6357961934056967,-0.20739807232518065
2801,2912,model3,-0.8708827037879542,0.12911729621204587,0.02306823245134636,0.3079613969120037,0.15755999999999995,-1.7484123639761069,0.0015416396190947373,0.3435872409208424,-1.7487409159954512
2801,4938,model3,-0.8804639933821757,-0.1195360066178243,0.07038444873587574,0.34713000085989343,0.06524000000000002,-3.0000106458774622,0.0015641212173535242,-0.27513902810763713,-3.000230513782644
2801,6505,model3,-0.6208107018806779,0.3791892981193222,0.001140765576162043,0.531703210160136,0.20347999999999994,-0.08808516912607628,0.0009430878843490981,-0.4025245219528557,-0.08819793943590745
2801,1477,model3,-0.7750592959599857,-0.2249407040400142,0.09762305803599138,0.481105650873535,0.06594666666666671,-3.430427620626636,0.0012850866317628106,-0.28562659140955593,-3.430566287352234
2801,1590,model3,-0.9007373146588948,0.09926268534110523,0.5245473890263496,0.4414124940509828,0.08333333333333326,-2.0076677385407127,0.0015308375441066527,-0.4253448872390603,-2.0078829809054155
2801,1789,model3,-0.9112388371696256,0.08876116283037441,0.051178836472086715,0.2656148438162737,0.15334666666666652,-2.2212900012588275,0.0017634331120021309,0.7291198576367494,-2.2216341052923143
2801,2204,model1,0.53188525725965,-0.46811474274035,0.7904300912782342,1.6279413627768646,0.2585333333333339,-2.123962690276926e-06,0.0007305451809283763,-0.0028518955347638405,-9.221851215768432e-17
2801,2353,model3,-0.8874502910420228,-0.11254970895797736,0.03428131763830961,0.360860758285524,0.06546666666666667,-2.779871878208651,0.0015936881871335981,-0.3232401506632246,-2.7800990435773465
2801,2498,model3,-0.9068876206897454,0.0931123793102546,0.037021162499686906,0.29401327901601554,0.07935999999999993,-2.1523951880106056,0.0017211883289547122,-0.02015013694250008,-2.1526712383737725
2801,2609,model3,-0.9634788269058231,-0.03652117309417712,0.008640284213574491,0.3388355196790335,0.07417333333333335,-2.782637827200104,0.0017143839757275071,-0.07616223903542164,-2.7829266102937322
2801,2610,model1,0.4683385169818181,-0.5316614830181821,0.6856411115459433,0.4486774348956992,0.06569333333333331,-9.625771725076652e-05,0.0013337345073649925,-0.12163626939147586,0.0002575637417003566
2801,2618,model3,-0.8915873159644312,0.10841268403556882,0.012041019830863395,0.3106910157100807,0.08015999999999976,-2.174612926290604,0.001632144420052157,0.3006523829241077,-2.174937121086863
2801,2915,model3,-0.9877030928163084,0.01229690718369154,0.04090622733956184,0.31785945630822965,0.03333333333333316,-2.7153220532079105,0.0017863366239977364,0.11769341947980574,-2.71561819659305
2801,3034,model3,-0.9285694078475633,0.07143059215243679,0.026715029908510556,0.3022246452245552,0.09726666666666654,-2.2586582730905818,0.0016965529249221394,0.3100078911541313,-2.258940751020918
2801,3037,model3,-0.7294161786074679,-0.2705838213925321,0.0012703847667721619,0.4640527318537118,0.10039999999999986,-2.7563452680023257,0.0013713986060502475,-0.5733759399699624,-2.7564482050616594
2801,3189,model3,-0.9415945330050149,0.05840546699498503,0.6904033543978054,0.4091011936872662,0.10097333333333328,-2.3924083078752796,0.0015583867563406873,-0.05899661068333554,-2.3924750639772845
2801,3231,model3,-0.864026656202978,0.13597334379702192,0.02516342858502369,0.3020088920607623,0.15337333333333322,-2.024724146465343,0.0015780993328151395,0.6330893043029783,-2.0250299568867893
2801,3702,model3,-0.9645399955503954,0.03546000444960467,0.037996734276702665,0.29206274166748625,0.03333333333333316,-2.5754266123142653,0.001798454753790305,0.28275342863711644,-2.575954727696851
2890,6505,model2,-0.06570634123715463,-0.9342936587628452,0.10071986097144907,0.18321865138800705,0.1467733333333333,-4.223600259595962,0.0015582859761002245,0.6437401460209656,-4.223804750135475
2890,1605,model2,-0.9399246936770872,0.06007530632291293,0.3585384572762104,0.5171839793626624,0.03443999999999989,-2.144982793329238,0.0016476118954585506,0.021214100224936455,-2.1449611276273934
2890,1722,model1,0.6091934706450833,-0.3908065293549166,0.3660813781852475,0.5187166073543289,0.17947999999999986,-0.0003908181075140741,0.0010942071305545887,-0.2544649416167472,0.00024786727481957105
2890,2609,model3,-0.9157474555438933,0.08425254445610683,0.009531001935911743,0.5575723151851648,0.07504000000000005,-2.011446915048893,0.0015643044227972686,-0.09114747147517484,-2.0116174547755383
2890,2610,model3,-0.6234957964704532,0.3765042035295469,0.059265252965260785,1.1774611671404207,0.18450666666666665,-0.575095587768749,0.0011177628484170627,-0.01529412197948359,-0.5753394424552537
2890,2915,model3,-0.8134164430113521,0.18658355698864806,0.0812812336259891,1.2697474423044022,0.1794533333333332,-1.2069955471495764,0.001123322242008628,-0.2068741028729172,-1.2069978821583676
2890,4958,model1,0.6538660842342545,-0.3461339157657453,0.9684636288851896,0.9614289399690564,0.13783999999999993,5.95498237856725e-06,0.0010328370544310818,0.18770869342072927,3.319143699586695e-05
2891,1789,model3,-0.7394560863106608,0.26054391368933905,0.04328525002007107,0.6108279092449829,0.1333199999999998,-1.2181360909115355,0.0011027430833791063,1.4241999930270397,-1.2182344862424226
2891,2603,model1,0.477853113276337,-0.5221468867236629,0.904567893908309,0.13788005499709174,0.04636000000000013,-0.0002280990577644504,0.00207550326357167,-1.0793401600593548,-5.312981103560616e-11
2891,2915,model3,-0.8124449049091833,0.1875550950908167,0.033673122614281584,0.19045042343101454,0.05918666666666664,-1.643110432228618,0.0016179284396000305,-0.6319377477045252,-1.6432755087718491
2885,2353,model3,-0.4721879274508645,0.5278120725491354,0.04809445976011127,0.9912844943096504,0.23809333333333335,0.1663359160303459,0.0011811969654250132,0.07676845457695101,0.16634218928316483
2885,2915,model3,-0.8527369102437636,0.1472630897562363,0.04998850600649329,0.12082821970477944,0.040959999999999865,-1.6063254735676662,0.003144743458220169,-0.5626934077191249,-1.6059046705112174
2884,2912,model3,-0.5345403579689573,0.4654596420310427,0.07419790845249798,0.5163039634832381,0.09108000000000004,0.8838827453194379,0.0009423064381644547,0.4579271748851709,0.8839488984589504
2884,6505,model3,-0.17805118486933116,0.8219488151306689,0.031124441822880124,0.1715062348655029,0.1159333333333334,3.042672370593157,0.0014249558309470515,-1.1200868172426333,3.042978837544255
2884,1722,model3,-0.2184787240475078,0.7815212759524922,0.01460344475767436,0.10940965995309652,0.046666666666666995,2.2839185570406793,0.0013260575482403462,1.6886524124500353,2.28360713807295
2884,2603,model3,-0.7297858279503184,0.2702141720496815,0.03624987054229312,0.5188466578441673,0.09361333333333326,-1.4561538763928648,0.0011610902268876164,-0.5281761738193502,-1.456122517440002
2884,2609,model3,-0.6380577306504431,0.36194226934955703,0.015505564956097562,0.4058852217524895,0.06760000000000012,-1.066077803866381,0.0014670479433858245,0.4132095219569866,-1.0662083295011004
2884,2618,model3,-0.5025999026251823,0.4974000973748177,0.014201295766094543,0.2620635328526564,0.07525333333333356,-0.031925068114097316,0.0010640160953392958,-0.5560985658837849,-0.03190493268609781
2884,2847,model2,-0.07678746228500931,0.9232125377149906,0.4279057863713664,0.7326259186108123,0.10258666666666663,2.1817775699594257,0.0016493371763572696,-0.06821779102183842,2.1817472305585155
2884,2867,model3,-0.5098046788943678,0.4901953211056322,0.07906695718871541,0.5525782842713453,0.11579999999999993,-0.08624040761660517,0.0011217608142887333,0.022009099068964758,-0.08613725737076064
2884,2915,model2,0.9079934516642404,-0.09200654833575957,0.29296355356374165,0.16860741679467187,0.037693333333333134,2.3492892150019618,0.0017483314140015714,0.3785953829886085,2.3488364947221987
2884,3037,model3,-0.4086974258558668,0.5913025741441332,0.0569649812969603,0.4969805178522235,0.10798666666666663,0.3361300902631492,0.0014991659719204105,0.04869736243635053,0.33601753121637823
2883,4938,model3,-0.403615560687242,0.5963844393127579,0.15933242961100594,0.659832475502974,0.13197333333333333,1.7692970746459298,0.0005904023351293969,-0.0790721886558486,1.7692662611282604
2883,1722,model3,-0.19498814825761807,0.8050118517423821,0.029164257898332907,0.1414034680151154,0.11438666666666662,2.591923964187377,0.0011617742081348947,1.2067520091631951,2.591685815010252
2883,2618,model3,-0.3213649685272105,0.6786350314727895,0.06464678421851397,0.2894551867932628,0.1262799999999999,1.2945238642307493,0.0010992986591680588,-0.6285437356134369,1.2945048879456837
4904,1789,model3,-0.7395047718731145,0.2604952281268856,0.024564018372159453,0.3247080963973232,0.11246666666666676,-2.180749989194456,0.0009154159657239664,-0.34748788293215616,-2.1807560022291153
4904,2201,model3,-0.7163382659182133,0.28366173408178674,0.15896524853140218,0.5672606946798711,0.09239999999999997,-2.0663476714865747,0.0007081274202601298,0.09410080319000913,-2.0663658372885605
4904,2353,model3,-0.6164987797740794,0.3835012202259206,0.1299327317558524,1.1729354178050138,0.15481333333333344,-1.6179078405409657,0.0008274613484562438,0.24964817929296546,-1.6179062913474085
4904,3037,model3,-0.4838501662004993,0.5161498337995006,0.08537580323825211,0.7197088072498933,0.1836266666666665,-0.697283660731194,0.0010455120996077482,-0.2734193052128285,-0.6973345126945695
6505,1536,model3,0.7861345839174873,0.21386541608251286,0.004368188645551219,0.234948482137958,0.06228000000000013,4.411400323713557,0.0014409216551315835,0.9038082207965956,4.411395412613979
6505,2204,model1,0.4223200664915286,-0.5776799335084715,0.7565891210657324,0.2819519093427131,0.04123999999999984,1.0096733185049146e-05,0.001168778442258508,0.13455142939891984,-3.8800418555235704e-15
6505,2353,model3,-0.9297125967584048,-0.07028740324159513,0.007404464659791973,0.1971680282592005,0.09334666666666673,-4.2297290282255,0.001521727533194515,0.23304707900942664,-4.22995815867418
6505,2603,model3,-0.8409385839702052,-0.15906141602979482,0.007274917706205079,0.29772628014968217,0.0688000000000001,-4.089340435657359,0.0012946181847899175,-0.9088721336765692,-4.08942117611426
6505,2609,model3,-0.9425196692994978,-0.05748033070050231,0.002814906756066874,0.20925315604376268,0.0963066666666666,-4.235333694828906,0.0015018955320073519,0.27348278528531605,-4.235482103933214
6505,2915,model3,-0.7994026819987391,-0.2005973180012609,0.055236499214563126,0.3511319730223634,0.05640000000000006,-4.289573815447834,0.0011325497055864927,-0.07047947359633577,-4.28958735593359
6505,3037,model1,0.3775908484189515,-0.6224091515810485,0.8948129907440807,0.2103034445100868,0.0751866666666666,-0.00028556877280853764,0.0019118060692034024,-1.3150819064870638,-1.2197871745801287e-13
6505,3231,model3,-0.8153462643558039,-0.18465373564419604,0.006164343064631461,0.2530629325607597,0.07593333333333324,-4.082796387918097,0.0013849727306331876,-0.4702294687532445,-4.082899048735492
6505,3673,model2,-0.9067904258870289,-0.09320957411297133,0.3057729208646927,0.20316577573702704,0.09947999999999996,-4.365515187553152,0.0014535853374147982,0.8030452201350974,-4.365605719933527
6505,4958,model2,-0.7455822303299151,-0.25441776967008484,0.13769726285843398,0.23735810547554584,0.07531999999999996,-4.403100454118022,0.0012390293031188664,0.046487624357725764,-4.403249187243451
4938,1536,model3,-0.6599611044545564,0.3400388955454437,0.16410642252720312,1.2899034609060716,0.19526666666666664,-1.379158507837567,0.000876277191869275,-0.2788030481037293,-1.3791675085911401
4938,1789,model3,-0.6720925037961885,0.3279074962038115,0.050189033369421716,0.3729425693088017,0.1738933333333333,-1.790945023901768,0.0009402832495160028,-0.4099761968512417,-1.790983709724975
4938,2603,model3,-0.6370907159372813,0.36290928406271866,0.12164012981838153,0.2576055135533191,0.07957333333333334,-1.8703071408229128,0.0011002889898518962,-0.20599915955601034,-1.8702962873705744
4938,2847,model3,-0.22774049469868424,0.7722595053013158,0.1509444540121285,1.0439701791496496,0.10227999999999997,0.9979536294568994,0.001263083162150164,-0.2169146059806695,0.9979386131965425
4938,2867,model3,-0.4156565153941755,0.5843434846058245,0.1647423326640633,0.3984631473502835,0.11524000000000005,-0.14226279841695452,0.001205780840380009,0.4258758648536608,-0.14222678128331204
4938,3702,model3,-0.6640446380784907,0.3359553619215093,0.05512422272203182,0.21901364154550595,0.10382666666666678,-1.790682920908021,0.0008596251052937519,-0.3879196898994775,-1.790738850694283
2912,6505,model3,-0.23461434321848615,0.7653856567815139,0.00591844182313191,0.14037506748697584,0.1046400000000001,2.0771519565397885,0.0013935015929901875,-1.192715146961193,2.0773118635158183
2912,1507,model3,-0.6985804144987797,0.30141958550122033,0.3915598508466281,0.5564915860063719,0.1116133333333334,-2.532823650521121,0.0012138106390089155,0.10823371492492023,-2.5327901525346306
2912,1789,model3,-0.6989035358814061,0.3010964641185939,0.03917395122703921,0.6927768594622717,0.19084000000000004,-2.6143725141736875,0.0011404329238033468,0.6255127602445315,-2.6144434514802612
2912,2204,model1,0.3732713653314615,-0.6267286346685385,0.9959242969921792,0.29394387503298497,0.07278666666666694,9.116574469798522e-05,0.0012239126459246336,0.5132206967746105,2.799488423519303e-15
2912,2353,model1,0.3295311841132357,-0.6704688158867643,0.8585359248098734,0.2741617633118213,0.0791199999999999,-0.00012495702986896914,0.0018709828694505046,-0.5952875851226613,-1.2105850436006005e-15
2912,2603,model2,-0.7027372640885616,0.2972627359114383,0.29673942291492383,0.3963747770447597,0.0842533333333333,-2.9489505939802974,0.0014251341784735359,0.12690903472398965,-2.948935562819646
2912,2609,model3,-0.5885955401616414,0.41140445983835855,0.02569152682182008,0.4374314768156891,0.12844,-2.1817098487885045,0.001486276995924571,0.7665366750786766,-2.1819191660350232
2912,2610,model1,0.31589776431230365,-0.6841022356876963,0.9862932702848496,0.5176664180244963,0.11134666666666657,3.868113215632333e-05,0.0015098037744179962,-0.002241312225983975,8.105993824757824e-16
2912,2618,model3,-0.4646013873136298,0.5353986126863701,0.026830775054934617,0.3507234498027433,0.0786399999999999,-0.8943150906530569,0.0010823780054270331,0.16742901340189,-0.894342174166645
2912,2867,model1,0.3551200979230162,-0.6448799020769839,0.9434077288038512,0.5494063239830272,0.13150666666666666,-8.760526983503011e-06,0.0011920883190266935,-0.6422513733048181,-8.685555622474437e-16
2912,2915,model3,-0.9582244986332816,0.04177550136671842,0.048573906554274494,0.17010393467579915,0.019533333333333246,-4.94886650684183,0.0023903398083147003,-0.22501783186879784,-4.948838238842157
2912,3034,model1,0.47185702031638005,-0.5281429796836199,0.9985315427649006,0.7334340837865846,0.1292133333333333,-5.7180251385181204e-05,0.0013706019549449544,-0.03352583428312813,0.00028378653971582407
2912,3231,model3,-0.6204399192057108,0.3795600807942892,0.02988329738979368,0.3968934629846184,0.09813333333333338,-2.2136266382485537,0.001247104961915071,-0.2933365661530333,-2.2137034140999403
1504,1789,model3,-0.5705772126015571,0.4294227873984428,0.055617679656029616,0.11389319727866434,0.023586666666666527,-0.2825537406757301,0.0021879413185736988,-0.2357892639263833,-0.2828287297927025
1477,2353,model3,-0.5644856136425233,0.4355143863574768,0.11281436798051138,0.7368892454128002,0.1594933333333333,-2.0202867229176067,0.0011187720085647946,0.024469388013724197,-2.0202592847805976
1477,3037,model3,-0.3921833716481251,0.6078166283518748,0.08206138288265567,0.6769313214667498,0.13626666666666656,-0.5932894196723082,0.0013942071210065149,0.015366010162047403,-0.5933802888675441
1507,1605,model3,-0.25289690093843953,0.7471030990615606,0.2033951609025753,0.1506434533157648,0.06418666666666661,0.5089969353138507,0.0016246792447791804,-1.0628503718910345,0.5087328614796479
1507,2353,model3,-0.3178149648865454,0.6821850351134546,0.42834054729586496,0.2808954256382411,0.09872,0.5274527833144873,0.001891138085018029,-0.6584574026147398,0.5272399586178576
1507,2915,model3,-0.8841547540317681,0.11584524596823186,0.014883173114807562,0.03416211757679319,0.034959999999999894,-3.046313260698088,0.004011938375118302,-0.6358276928108241,-3.0487877766224507
1536,1789,model3,-0.5338807886472035,0.4661192113527965,0.02748511119894545,0.5118818411741451,0.19409333333333306,-0.7422078623567051,0.0018383558270919406,0.2142883243691192,-0.7422205816939359
1536,2603,model3,-0.5088072440671678,0.4911927559328322,0.053709080805684435,0.4672380161279856,0.10262666666666666,-1.0283845410746149,0.0019102763328244707,-0.06470975331427957,-1.028342444973342
1536,5522,model3,-0.4259226977072378,0.5740773022927622,0.1286369858048411,0.3208276240514947,0.07735999999999997,0.09338523264388557,0.0017007434950953315,-0.9353816204994134,0.09340748255874082
1605,2353,model3,-0.5541493915686149,0.4458506084313851,0.0650165254582668,0.6352162680835873,0.1007466666666667,0.047211624331803724,0.0011915348349875207,-0.2370923373787591,0.047177776634247916
1605,2609,model3,-0.5697405091940254,0.4302594908059745,0.035252816457206564,0.4831374730600537,0.12156,-0.14881284001888775,0.0013753540439531194,-0.18853811555426625,-0.14887494905906679
1605,2610,model1,0.5489065778815526,-0.4510934221184473,0.9115680029607064,0.22130464056361654,0.058093333333333365,0.00012007158241564397,0.0016196830374876734,-0.3823793714341629,1.729703518392282e-14
1605,3037,model3,-0.4434105626587346,0.5565894373412654,0.039095678217520864,1.0375813467630015,0.15862666666666658,0.5706429686355335,0.0011173497642527413,0.6085909940874565,0.5705798438876427
1789,2204,model3,-0.18514175878733335,0.8148582412126666,0.042177381021043986,0.22149544137800145,0.15218666666666686,1.9042283436506984,0.00184936350334082,-0.7530413476656951,1.9044718036788073
1789,2618,model3,-0.2501649684820775,0.7498350315179226,0.039368639755374975,0.3358078057856613,0.07710666666666667,1.2935091771500191,0.0011920581572264569,0.2773764977879332,1.2935943742806582
1789,2847,model3,-0.050998598030417605,0.9490014019695824,0.02231223425468117,0.8058777557942449,0.08827999999999997,2.289860874903084,0.0016628894236121964,-0.09329561529762156,2.2898322725416014
1789,2867,model3,-0.2931347338863867,0.7068652661136132,0.037196320270739214,0.5551946716853443,0.19930666666666655,0.9901319314091492,0.0013616257374500693,-0.10603560192632892,0.9902064277314094
1789,3037,model3,-0.2669427735683896,0.7330572264316104,0.01614977995814966,1.3331394497573226,0.17202666666666655,0.9437379555960108,0.001396434332747851,-0.4115582570537179,0.943683647406923
1722,1789,model3,-0.8759999162387248,0.1240000837612752,0.009664220648361121,0.16918482257091327,0.07983999999999992,-2.8334005844508923,0.0012707765479731208,-1.396916114358118,-2.8331280069997553
1722,2603,model3,-0.7660184503107861,0.23398154968921386,0.004802467708458026,0.44403642036009344,0.22457333333333304,-2.2473341575580497,0.0009001509731152318,-0.7358829773963008,-2.2472202253286904
1722,2609,model3,-0.8795213509056146,0.12047864909438545,0.003495423229373969,0.1412457095824146,0.0551066666666666,-3.0255424265674304,0.0013983867188923887,-1.4785814158466832,-3.0252461339121157
1722,2610,model1,0.3962059195361232,-0.6037940804638768,0.4544052063424973,0.3435672218744469,0.08927999999999994,0.00074731435189054,0.0014663191776977127,-0.17982749437326198,0.000857261982333133
1722,2915,model3,-0.8708607660387486,0.12913923396125146,0.09245523376763802,0.12085278919217805,0.08535999999999999,-2.752357003441808,0.0014012056683192738,-1.6224115440939082,-2.7520301329294687
1722,3034,model2,-0.9532632393837608,-0.04673676061623908,0.19179916648456904,0.07796817658448173,0.027999999999999848,-3.8075590901888376,0.0018763115087080636,-1.7663470709537188,-3.806960234814811
1722,3231,model3,-0.7641675669982829,0.2358324330017171,0.05471974913694951,0.18277619139619392,0.11325333333333334,-2.1899492412731107,0.0009726651176793148,-2.0213449907400003,-2.1897755829395247
1722,4958,model1,0.5478643786825339,-0.4521356213174662,0.3406086289276232,0.14365775233311534,0.09399999999999974,0.00033329370770712665,0.001346071882539595,1.0914892970315395,-8.008498958395361e-05
1722,9945,model3,-0.9887790911288672,-0.01122090887113287,0.3413946664924979,0.0806016225230136,0.027413333333333186,-3.7585985981093617,0.001866537303083273,-1.7084460716099652,-3.75805185118291
2201,2353,model3,-0.3931521183702681,0.6068478816297319,0.1245308026752121,1.0296565773506072,0.15001333333333347,0.2301382625053748,0.0011589095521534313,0.09090602153286348,0.23015801023860288
2201,2609,model3,-0.4147797668341422,0.5852202331658577,0.0826561075415962,0.9234054281253344,0.1903199999999998,-0.06958544807387554,0.0015360403544105257,0.07095781203522926,-0.06959426750551186
2201,2618,model3,-0.244733948126014,0.755266051873986,0.1059253534748617,0.27622743588531623,0.08190666666666672,1.3904178745723337,0.0012181570119384304,-0.5677370991100532,1.3905135341253643
2201,3034,model3,-0.32024750694951737,0.6797524930504826,0.08571815810351212,0.4868391438490722,0.10929333333333333,2.133450966512654,0.001847026514564639,-0.5685740959164906,2.1334494985671206
2201,3037,model3,-0.28901245278061066,0.7109875472193893,0.09301013505849423,1.1714350883327675,0.23508,0.8750996680228655,0.0013168090725744032,0.16025443696042485,0.8750572590119583
2204,2542,model3,-0.7733582457444671,-0.2266417542555331,0.17943358604037155,0.30791444890947195,0.06906666666666675,-3.3986776367949236,0.0016011055030644005,-0.08266918832265767,-3.3987490388763524
2204,2610,model1,0.4367147842837376,-0.5632852157162623,0.7598135490912256,0.6544370778246121,0.11193333333333327,-6.642460425998328e-05,0.0012529794095821995,-0.008567191742224405,0.0002118370169033685
2204,2867,model1,0.4804069682617119,-0.5195930317382882,0.9500101211780184,0.3490500791161544,0.10246666666666662,-9.556093903943928e-05,0.0013620940815818367,-1.1657941938112877,-5.588921703823332e-15
2204,2915,model3,-0.8750731911197294,0.12492680888027055,0.041567976278343785,0.24655539332792825,0.05165333333333327,-2.2781966672592304,0.0018496341969917046,-0.0904546430749522,-2.2783836942612057
2204,3231,model3,-0.694716508565457,0.3052834914345431,0.03898809517147952,0.3076322558167019,0.10613333333333344,-1.3249619501278056,0.0014605199816110695,0.6682259196547272,-1.3252196487089631
2204,4958,model3,-0.5916291129965096,0.4083708870034903,0.03741460240656323,0.36922267970432415,0.07660000000000003,-0.021475790663226392,0.0013421105232860051,0.668038763744869,-0.02156893971109022
2353,2498,model3,0.611215606780664,0.3887843932193361,0.1233481879586269,0.2420676594524417,0.06537333333333331,3.2180618591658026,0.0023919944862566844,0.41605039720818393,3.217766672932529
2353,2603,model3,-0.6098304196100485,0.3901695803899517,0.03515268471838049,0.3810867032495821,0.11785333333333332,-0.5452200351907113,0.0016882648317799384,-0.5032334312840481,-0.5452582981328545
2353,2609,model3,-0.5265063765853508,0.4734936234146491,0.06385375385086474,1.2100116763831332,0.22648000000000004,-0.2750709411361799,0.0013895493777716927,-0.045380584660045915,-0.2751333891963998
2353,2847,model1,0.4987999226835832,-0.5012000773164168,0.7935417830624169,0.3652463370061317,0.08278666666666669,6.352684699296359e-05,0.0016504668817148922,0.5702278805419191,1.0667916789501794e-15
2353,3034,model3,-0.4869232180433449,0.5130767819566551,0.08345048345233724,0.9606761826364162,0.1674399999999999,1.170044166757369,0.0015027008350840176,0.17386642947893646,1.1699057423479713
2353,3037,model3,-0.3912329104061668,0.6087670895938332,0.01670897019875936,1.4857179596713312,0.20819999999999989,0.5801020170028298,0.0012420612568409034,0.1473310766014278,0.5800602890561866
2377,2610,model3,-0.24381137293407756,0.7561886270659224,0.06656254956552098,0.4136525292255713,0.09228000000000004,1.0473710386344917,0.0017423479254074135,0.76488238374384,1.0471032494802437
2498,2609,model3,0.3763052662631857,0.6236947337368143,0.06532476956565547,0.20980671422285996,0.059880000000000336,3.020023072595669,0.0028339596214089816,0.7140195844536984,3.0192874241529184
2498,2610,model3,-0.2296560927370788,0.7703439072629212,0.021448185851506662,0.3936117849318214,0.13901333333333324,0.9467625953808828,0.0018667813897939422,0.9857658051394728,0.9465702121579505
2498,3034,model3,0.3483218072991027,0.6516781927008973,0.022012477841238682,0.2334622424149592,0.14188,4.555273994798287,0.002516635130847886,-0.09584750124485347,4.554475977625918
2610,2618,model3,-0.5296630222523434,0.4703369777476567,0.03892136774203585,0.5283153180464253,0.12269333333333332,0.08796205427782477,0.0011914468554867009,0.008926739789136627,0.08807352685500333
2610,3034,model3,-0.77157749076869,0.22842250923130994,0.021599264567451912,0.36734209952511854,0.07034666666666674,-0.8128914624258514,0.001972178598521361,-0.13422625353061773,-0.8129064657464801
2610,3231,model3,-0.6497000603472093,0.35029993965279066,0.07476516136769078,0.8079483414757426,0.22396,-0.587005518582693,0.0012939193418712348,-0.020288055321082132,-0.5869203683802843
2542,2847,model3,-0.06726565313885757,0.9327343468611424,0.16529342783682008,0.7294679446454432,0.09681333333333328,2.1581899501914283,0.0016709563076761373,-0.027316483959983703,2.1581534207519946
2542,3037,model3,-0.06715900500071684,0.9328409949992832,0.16455167365930265,0.2926182846635724,0.0753066666666666,2.1845843203075663,0.0025078767052176213,0.7637988638851594,2.184287813760892
2542,6285,model3,-0.6175194331239755,0.3824805668760245,0.055627344357598384,0.17610285549910715,0.0856933333333333,-0.932329248490924,0.0017106165026759075,0.8835194349104998,-0.9321986616831662
2609,2610,model3,-0.27624301615304137,0.7237569838469586,0.014138952944887106,0.35741376500596045,0.1076133333333334,1.1390391733274454,0.00198197860959469,0.09743977204183174,1.1390340471422282
2609,2618,model3,-0.3547075376478817,0.6452924623521183,0.036076884666150416,0.7462559598194258,0.13576000000000008,1.0834792412973546,0.0011311440291472568,-0.1657063183326675,1.0835942249790511
2609,2867,model3,-0.3768505506730747,0.6231494493269254,0.0339053194376641,0.4370474567174276,0.1026266666666667,0.951618673790646,0.0015304053771337135,-0.1553066150377898,0.9518098827415044
2609,3037,model3,-0.3468162463621086,0.6531837536378914,0.01124364808460385,1.5278350121355349,0.18262666666666624,0.9135103000130872,0.0013852099386127865,0.06776309409972764,0.9134815091724017
2609,4958,model3,-0.416266303826811,0.5837336961731889,0.03022015171713025,0.4005564036856402,0.06750666666666673,1.6859904927573486,0.0016328219126292493,-0.15723307811418152,1.6864511367673032
2603,2609,model3,-0.39342661986073096,0.606573380139269,0.028243802218695,0.4717798572702845,0.08499999999999996,0.3537604544084337,0.0017692670148246094,0.16016773919335522,0.35350281714279647
2603,2847,model2,0.03847641271849321,-0.9615235872815068,0.28467020556028044,0.7305249902672533,0.09561333333333327,-2.4079026908782195,0.0017226500995650672,0.08704309869957738,-2.407862819869871
2603,2867,model3,-0.30079819119821405,0.6992018088017858,0.04355072319276045,0.520317447691634,0.11334666666666668,1.2425542659103164,0.0013848953118496318,-0.7566186483369098,1.2425851445408929
2603,2915,model3,-0.6443191373245102,0.3556808626754898,0.0435170026325954,0.11294479740276192,0.03234666666666654,-0.3047995892600792,0.002662711741965045,-0.3814131187194896,-0.30469023600885975
2603,3702,model3,-0.5136331769835186,0.4863668230164813,0.04583857493906448,0.3087495390520797,0.06933333333333329,0.3217807745510893,0.001591622703862697,0.23536672967815744,0.3216972282098613
2618,3037,model3,-0.478363237015609,0.5216367629843909,0.02489242750347341,0.822544425931915,0.19191999999999965,-0.040877984433911135,0.0010291178809637696,0.12632835792695749,-0.04095983889220743
2618,3702,model3,-0.7434767031804954,0.25652329681950464,0.04314495491109024,0.30688175449559885,0.09663999999999992,-1.3011802191141832,0.0010888739115354764,0.4952624789163554,-1.3012618336423731
2618,4958,model3,-0.5575997956181865,0.4424002043818135,0.07551285902176437,0.3661298584532279,0.06542666666666673,0.3625273776444321,0.0011837274920696648,-0.5298568840800799,0.3627061571063604
2847,2915,model3,-0.8724688667405164,-0.12753113325948365,0.08498548727664984,0.8241969279507868,0.11721333333333345,-2.7951743727562137,0.0015026803809031445,-0.2615756604489039,-2.7951202677704776
2847,3034,model1,0.6462108459809435,-0.3537891540190564,0.9074825965084516,0.5503895389174956,0.10601333333333347,1.5207266848182855e-05,0.0015000784483990518,0.2453028039951001,0.00017438314363813309
2847,3037,model1,0.5026039755336826,-0.4973960244663173,0.7555256429722028,0.6376125658375339,0.13618666666666682,-8.358271379621159e-05,0.0013798190375659168,-0.06672795893261736,-2.6710511499048e-16
2847,9945,model3,-0.844484545115631,-0.15551545488436894,0.3913516208477423,1.927619962465396,0.15846666666666673,-2.7677066814007745,0.0012383362848426235,0.1445242803243549,-2.767681869451949
2867,2915,model3,-0.8082349567455408,0.19176504325445926,0.05220365968837034,0.2421298489106713,0.04279999999999993,-1.6015167971501691,0.0018675256223099534,-0.13741054236520522,-1.601549864828089
2867,3034,model3,-0.6096951846253081,0.3903048153746919,0.039676747119954975,0.5473696866109121,0.1375466666666667,0.06927423759455567,0.0014918622277939,-0.24357817514252686,0.06901879434057738
2867,3037,model1,0.4730079177908892,-0.5269920822091108,0.7413434595372658,0.5275669824650008,0.13224000000000002,-0.00010079574018704295,0.0014896793663528225,-0.12627973874267664,-3.329085507465482e-16
2867,9945,model3,-0.9969581606293992,-0.0030418393706009065,0.2486339665792887,0.17939199636968348,0.04639999999999996,-2.9431867916887797,0.002549011883252412,-0.5726096865807324,-2.943106939752468
2915,3037,model3,-0.08413841214996902,0.9158615878500308,0.09196251915995406,0.3183191020474077,0.08003999999999999,2.077614613692047,0.002367896761266388,0.5672345943432406,2.0773553890972964
3037,3231,model3,-0.7178637055752558,0.2821362944247442,0.061889641260936434,0.5501191421272171,0.15448000000000006,-1.0774578328304865,0.0015467309309244747,-0.09526895919090238,-1.0773134855218571
3037,4958,model3,-0.6490706321600779,0.3509293678399221,0.017130052543358497,0.3948797504428976,0.10497333333333343,-0.11485658574709215,0.0017676464319246116,-0.6391070614986191,-0.11456036389547027
3037,9945,model3,-0.8508737848539631,-0.14912621514603686,0.4315740299870694,0.3685692158247968,0.11398666666666672,-2.784749594053934,0.002170408420750712,-0.4875478797235077,-2.784520771939838
3034,3037,model3,-0.3439920554402592,0.6560079445597409,0.018364550484963774,0.7606540366450709,0.17645333333333318,0.09041575112205552,0.0015930868468523988,-0.1717673813551158,0.09039285887293624
3034,3231,model3,-0.7091206119841832,0.2908793880158168,0.0333787393747997,0.2737167950049301,0.032853333333333234,-2.540740870340354,0.002315278990076535,-0.0439066714149781,-2.540185723646627
3034,4958,model3,-0.4296918514915021,0.5703081485084979,0.07069353817411504,0.4998181402458472,0.08146666666666665,0.5477190730084586,0.001623807673899357,-0.27050798781034346,0.5482266760403024
