stock1,stock2,model_type,w1,w2,pval,snr,zcr,mu,stdev,skewness,Emu,Estd
1326,2324,model3,0.03741155923761652,0.9625884407623836,0.02211942688216478,0.483824163164488,0.061933333333333375,3.060847764268322,0.00154207600079262,-0.12328059421723435,3.060822401928398,0.0015363511413729715
1326,8150,model3,-0.3655421273509223,0.6344578726490777,0.01764988911104098,0.24557308326037255,0.04637333333333318,0.4878685148721954,0.0010659980041346404,-0.3715721045814796,0.4878511847111105,0.0010742131160146504
1326,9914,model3,0.2505385724027832,0.7494614275972169,0.02192396131880828,0.4242393027471324,0.0765866666666667,4.863717821805115,0.001955095069500556,-0.4590727692749074,4.863763834050488,0.0019649380361497944
1326,9933,model3,0.18569040713271112,0.8143095928672889,0.021567566814425343,0.2222642325481564,0.026666666666666547,4.008241676166427,0.0006808238386063013,0.3951057715554411,4.0082056459535025,0.0006960477349606177
1301,2801,model3,-0.4650530019568811,0.534946998043119,0.16712798791913336,0.4070622275425589,0.3119999999999999,-0.6001798049503666,0.0010611606234591962,1.06849867660215,-0.6003479979016927,0.0009406137744605829
1301,2834,model3,-0.4751103785739158,0.5248896214260841,0.10871150754961027,0.2490638722834163,0.06776000000000011,-1.043472843165406,0.0007361094397629984,0.6360255966551368,-1.0435330598213182,0.0006829250352677418
1301,9910,model3,-0.1299977305755671,0.8700022694244329,0.15007232782888638,0.590897328762809,0.0707600000000001,3.7123642343312273,0.0020384437288970122,0.3821691083785543,3.7121252930432695,0.0018923854580903112
2002,2311,model3,0.3075435759956641,0.6924564240043359,0.02820586391669148,0.2134210562556708,0.044453333333333366,3.511558475468812,0.0010283755997478796,0.4443982852723099,3.5116747131871184,0.0010212732618243045
2002,3044,model3,-0.9129168369693862,0.08708316303061382,0.1347339400720177,0.4879991964549312,0.08882666666666675,-2.5438697145984928,0.001162064371136106,0.08041590881228829,-2.5438584990760864,0.0011644839400720688
2357,2474,model3,-0.8264986654073608,0.17350133459263914,0.009453752344786829,0.3489897100502046,0.0772,-3.5811617242532128,0.001121296752924927,0.4678547502235743,-3.5812538288079976,0.0011056023492255838
2317,2886,model3,-0.3367607922075899,0.6632392077924101,0.32122749249848803,1.0060608800837172,0.16759999999999986,0.5455975492787734,0.0006401940076255308,-0.010507792951529059,0.5455854454114453,0.0006407534369675677
2317,2352,model3,-0.6206364511365918,0.3793635488634082,0.4931292237292374,0.6974724725469554,0.19904,-1.7623260537265044,0.00111145399121096,0.4657381040959462,-1.7623169683777686,0.0011134038445173003
2317,3231,model3,-0.2907092901347456,0.7092907098652544,0.29322828600422113,0.2518964741611058,0.06604000000000007,0.9914591422053208,0.001054109399257711,-0.2724410344330582,0.9915068782401885,0.001010502680127379
2317,9933,model3,-0.10519346269485223,0.8948065373051478,0.30320078245086424,1.5600706806941245,0.2587600000000002,2.978173318430292,0.000444384779172063,0.03963900451621558,2.978171175355912,0.000446739982711535
2311,2324,model2,-0.2518686192680546,-0.7481313807319454,0.13648962386827385,0.5228482052237611,0.07482666666666662,-3.1630889524424344,0.0011633907147878435,0.030121313604485143,-3.1630667962378536,0.0011563381093872037
2311,2880,model3,0.466223781547188,0.5337762184528121,0.013143143264101266,0.1588649521601149,0.030159999999999833,3.2434871389967137,0.0012730991779118894,0.7466586025542059,3.2433569127944097,0.0012522665309197079
2311,2890,model3,0.010045504319544473,0.9899544956804556,0.009764300455277364,0.313868427039737,0.07167999999999998,2.2663246726080803,0.0007209620650052598,-0.2394547329910959,2.2663594617427303,0.0007323377474498801
2311,8150,model3,0.4801922156479616,0.5198077843520384,0.0165279287522836,0.294777601389476,0.056386666666666786,3.501093156000098,0.0010033146489130897,-0.023661931294918163,3.5011391267192136,0.0009929743180981739
2311,9910,model1,0.5762250143296253,-0.4237749856703748,0.9135267218315916,0.8994490814956211,0.2442133333333333,-5.744805533301367e-05,0.0009722870591388893,-0.050767026953733516,-9.663344718639632e-16,0.0009292833854610964
2311,9914,model1,0.5778367935278166,-0.4221632064721835,0.9654181683855744,1.039983343548037,0.2177999999999999,6.60710440526735e-06,0.0009354399117415807,0.2311468096603736,-8.12006279309116e-16,0.0009387387844175841
2324,2330,model1,0.6412886874153645,-0.3587113125846355,0.9397543873702356,1.0760070163055655,0.17898666666666652,2.8217964369763317e-05,0.0008450712057342273,-0.5974352726274227,2.936346337621427e-16,0.0008329654948171263
2324,2409,model3,-0.8606878491786628,0.13931215082133724,0.2161925553321662,0.8485225905587528,0.13222666666666674,-2.2400786041586795,0.0011722987847788806,0.4238295978798641,-2.240075598862552,0.001179876237180975
2324,2801,model1,0.4839054188866854,-0.5160945811133147,0.8298522388791704,0.7878124323952805,0.19197333333333316,-5.530394586687434e-05,0.0009419656833666557,-0.2645309224813274,-2.293470130226525e-16,0.0009367092220134639
2324,2881,model3,-0.6808304892446059,-0.3191695107553941,0.13347739603269518,0.6000015911792864,0.08804000000000001,-3.2811717464296706,0.0010137834643767424,0.36184656056461934,-3.2811369231454797,0.0009987211710268556
2324,2882,model3,-0.6965533654783936,0.30344663452160625,0.11170257108874926,0.6796198600783374,0.11005333333333334,-0.9109448962610976,0.0010297560976210542,0.010245409481925377,-0.910950789181164,0.0010361917073320528
2324,2890,model2,-0.3427244128725449,-0.6572755871274549,0.03430348252136766,1.5255523503227741,0.2428133333333333,-2.5099775591592817,0.0005177189348685235,0.16871502890180792,-2.509975828031604,0.0005197807552237356
2324,2892,model3,-0.6537360577530275,0.3462639422469725,0.13777721656407546,1.4584683737703206,0.12556000000000006,-0.9393697675195724,0.000870375415520934,0.43652731123334576,-0.9393666561340456,0.0008754710781364228
2324,1477,model1,0.6215232467355863,-0.3784767532644137,0.9056868126742768,0.8605680534773473,0.20599999999999996,-1.8469730340563057e-05,0.0010268491160141126,-0.6959469389876223,3.210324966644452e-16,0.001034097508107073
2324,1789,model3,-0.7939070459505951,0.20609295404940486,0.3574591558529671,0.7016276467526701,0.1150133333333333,-1.626175652789016,0.0011545996235625452,0.2873213086307449,-1.6261810650370365,0.0011621009983553447
2324,1909,model3,-0.8663830933077514,0.13361690669224854,0.09377331676569448,1.281958201072843,0.13457333333333324,-2.1107527447304597,0.0010879566490908429,0.6966902579428574,-2.1107684801188267,0.0010947303841250793
2324,2344,model3,-0.7078942667933762,0.29210573320662386,0.03284018191671004,0.8161065647129306,0.11751999999999994,-1.2754290563091988,0.0010443844742141382,0.28899323002633753,-1.2754273247301848,0.0010514699266227561
2324,2352,model3,-0.914291450882646,0.08570854911735405,0.5224093188188895,1.1737990798157771,0.16934666666666634,-2.4743930632165747,0.0011543139022832868,0.4782528899057335,-2.474400668159457,0.0011620210198478305
2324,2834,model1,0.4129226006122079,-0.5870773993877921,0.8097525773002217,0.5860300168874514,0.09593333333333333,-5.038416474858772e-05,0.000757677963072254,-0.07704137485285001,4.762309592323017e-16,0.0007659641838461569
2324,3044,model3,-0.959655458007162,-0.04034454199283784,0.12349475597704368,0.9139581401319266,0.12989333333333333,-3.0709435314266305,0.0013026433383166824,0.5088322680574565,-3.070956557271118,0.001310941804049177
2324,3189,model3,-0.8699562090046132,0.13004379099538674,0.2686610787673049,0.9244972847653316,0.15606666666666652,-2.0350418004333117,0.0011840011284795773,0.5292219930033297,-2.0350376920290594,0.0011859749690174238
2324,3231,model3,-0.7640862731143927,0.2359137268856073,0.16631969049021975,0.8610856685596707,0.09964000000000003,-1.5033185540209475,0.001074145945972193,0.16967433096204265,-1.5033138621980553,0.0010741705077815164
2324,6176,model3,-0.7771248362510497,0.2228751637489504,0.07116752284864558,1.0597602852576782,0.1645066666666664,-1.3573084618417428,0.0010829304106308487,0.2032305899951969,-1.3573266290358659,0.0010924593030065342
2324,8150,model1,0.5292095061596563,-0.4707904938403437,0.951917963908246,0.4567393503997347,0.10690666666666662,4.823320006175506e-05,0.0010947465383590153,0.1388465165912584,5.23513759344692e-16,0.0010680234447280777
2324,9914,model3,-0.7365099392596642,-0.26349006074033576,0.08803423536150852,0.631863352537319,0.10284000000000006,-3.523703818030142,0.0012971317696546854,-0.061959181024098336,-3.503260509866419,0.0012438519994597667
2324,9933,model1,0.5642781633919389,-0.43572183660806096,0.7574352870785507,0.9105226232492758,0.1081066666666666,-3.9016068316236966e-06,0.0007829241247168843,-0.2238641109312992,-1.378086863830196e-16,0.0007862237608417967
2330,2357,model1,0.5097084205771498,-0.4902915794228502,0.8292166085484535,1.1081763332477004,0.2522133333333333,-4.442340734700068e-05,0.0005913167991237942,0.4151560414615227,-4.499612360237053e-16,0.0005809215936854869
2330,2408,model3,-0.7097338111364181,0.2902661888635818,0.04122052771981589,0.8567714332889113,0.1962533333333332,-2.610377804684741,0.0007136016836495686,-0.11927499028582025,-2.6104666108114944,0.0006828795893402258
2330,2890,model3,0.3195379468275628,0.6804620531724371,0.04523561572392746,2.409797070259766,0.24722666666666684,3.24866661578128,0.0003838253579930505,0.12920325350538875,3.2486810211236365,0.00038376700332868447
2330,2891,model3,-0.6680429970053016,0.3319570029946984,0.11050893290113346,0.6728465355373668,0.16193333333333318,-2.603497741756724,0.0007252520193338116,0.2561005444389171,-2.603539579300567,0.0007302920283524339
2330,4938,model3,-0.8009082545872314,0.19909174541276864,0.34814239760210125,1.0664746889359893,0.16365333333333326,-3.3938613671376943,0.0007202350210017168,0.6803443006026163,-3.393874889423935,0.0007213872967532139
2330,9904,model3,-0.6967291748067164,0.3032708251932835,0.1577072492419863,0.6618612236578306,0.2030133333333332,-2.6206591006082687,0.0007199115884425804,-0.06614797992528841,-2.6207358752948746,0.0007046480077709855
2330,1477,model3,-0.6873833838659421,0.3126166161340579,0.07259517550177427,0.6382219902679591,0.1238,-2.149240791464509,0.0009614636680607873,0.1441113859126202,-2.1492638755310765,0.0009696994891161497
2330,1909,model3,-0.8528906072197303,0.1471093927802697,0.16748409994681954,0.6261224214685995,0.15987999999999994,-4.038732918256756,0.0008652391484615915,0.6214355388330537,-4.038790593427034,0.0008490914551983048
2330,2337,model2,0.7441112517631472,-0.2558887482368528,0.5591004334598012,0.6694178861424269,0.1360133333333333,3.260550566952076,0.000851584994900624,-0.5587613420998121,3.2605337713077254,0.0008475456221422892
2330,3044,model3,0.9430500393645704,0.05694996063542971,0.13033713736183952,0.5128325057123064,0.1242,5.330046529697016,0.0009743669025023633,-0.5589026377839221,5.330131690456335,0.0009510302181703073
2330,9933,model3,-0.3864234175618896,0.6135765824381105,0.10617595684799278,0.9646610799561448,0.15911999999999993,0.3117704678805424,0.00045920692506806906,-0.08192777401619011,0.31174896811525205,0.00046697448828290303
2408,2881,model3,0.2921765922872862,0.7078234077127138,0.05909406531739873,0.3394406559847496,0.0892799999999999,3.950049874110673,0.0007385103877522531,-0.5063966467770371,3.9499561219259824,0.0006960699958543614
2408,2890,model3,0.14454860301440922,0.8554513969855908,0.17156747388363733,1.7134928693053892,0.21654666666666647,2.5249327875364083,0.000449573528416097,0.2526262708003617,2.5249328487287372,0.00045109897671544467
2408,3034,model3,-0.4459520875179486,0.5540479124820513,0.03560777218361079,0.9128567367948276,0.1811733333333332,0.7622659776376561,0.0014466832864085447,0.3539172488998328,0.7622369548972175,0.001425352965233873
2454,9910,model1,0.4666411749709044,-0.5333588250290957,0.8746354258275743,0.212011821069142,0.04903999999999994,-0.00021713285829524288,0.001979824199432485,-0.17860069016734462,-1.7375472712974413e-14,0.001954705011428117
2409,2801,model3,-0.2526242826358707,0.7473757173641293,0.19386037447391133,0.7847021616954477,0.15385333333333318,1.478859328460051,0.001131680799077147,-0.22126211527971806,1.478821040418231,0.0011217232851487384
2409,2887,model3,-0.16650207468732334,0.8334979253126766,0.195625465117248,0.5956197950424058,0.17095999999999986,1.809167241963074,0.0011315249629082768,-0.5860482050974012,1.8092427191284228,0.0010892146032294083
2409,1314,model3,-0.4380429901656912,0.5619570098343087,0.170740697871406,0.5533477009049227,0.11682666666666662,0.3291431640878397,0.0014711287914776626,0.3700281046937129,0.3290446157323114,0.001391429720886685
2409,2344,model3,-0.2703014098620099,0.7296985901379901,0.2426239622763483,1.0389491488973042,0.16795999999999994,1.4558372299709552,0.0009192409542578277,-0.02600735705873525,1.4558362020309743,0.0009254348148644149
2409,2834,model3,-0.2510682128705143,0.7489317871294857,0.287291395549686,1.0368287926521684,0.16770666666666664,0.9600269556520266,0.0006295674398454097,0.26056625004338296,0.9600580115343127,0.0006230770555187813
2409,9933,model3,-0.1367245813591329,0.8632754186408671,0.30125506357342835,0.9003847959750718,0.20349333333333305,3.0193768221943813,0.00048299491985426014,0.3095311338781391,3.0193865164648948,0.00048182873913881266
2474,2823,model3,-0.23589219784967505,0.7641078021503249,0.07812686665421471,0.40887046837370733,0.13643999999999998,1.248503327686484,0.0008690412519477796,-0.27024568979397595,1.2485604722084889,0.0008075676333491098
2474,2883,model3,-0.4229890426025933,0.5770109573974068,0.2435114166505636,0.22498926265122665,0.07793333333333337,-1.2226235198373456,0.0012338940547927638,-0.7851973698539781,-1.222437550784818,0.0009793284104360092
2474,2891,model3,-0.2667452796285343,0.7332547203714657,0.08413365952630399,0.7444304759409303,0.1657066666666666,0.5852057969248626,0.0009827784171232046,-0.721874523383291,0.5852930481599361,0.0008660888357569798
2474,2892,model3,-0.2383264974753264,0.7616735025246735,0.11951793190316415,0.5329243254953894,0.16023999999999994,0.8342065534091947,0.0008788078113321008,-0.9065012428049586,0.8342983783951947,0.0007531225356704128
2474,9904,model3,-0.30812836989529657,0.6918716301047033,0.059917250654099224,0.35770928141949965,0.08780000000000003,0.7224007031536805,0.0009447230515619602,-0.12126816030453574,0.7224890411767866,0.0008725267617168124
2474,1314,model3,-0.3801818146038215,0.6198181853961785,0.0037517312893402773,0.4901147283633027,0.10588000000000004,-0.7031062791977251,0.0016853904251649405,0.2792073869128649,-0.7030645436648298,0.0016992752807347736
2474,2337,model3,-0.3743068281682908,0.6256931718317092,0.11525282422500692,0.1556115963049363,0.11669333333333333,-0.4305221651370195,0.002153645599100299,-1.576363636293123,-0.43002149464834555,0.0015388814206356027
2474,2344,model3,-0.22308783000410548,0.7769121699958944,0.02467925159458401,0.8226902244891966,0.16049333333333327,0.9350526824287398,0.0009920895147047255,-0.37173295643893606,0.9351149292061183,0.0009488731547048395
2474,2352,model3,-0.6517087801699952,0.3482912198300047,0.3865119591435809,0.1077160173059656,0.0801866666666661,-2.7751328009046867,0.002554963198071046,-0.8767353903591654,-2.7745693770820257,0.0019212005031134503
2474,2610,model3,-0.2590759017188723,0.7409240982811277,0.11479967974258135,0.19636614886665915,0.07616000000000009,0.11235785167427187,0.0009792638037906189,-0.014931584209979204,0.1124680911101314,0.0008852597025429353
2474,3034,model3,-0.2805481636144885,0.7194518363855115,0.008373171349984092,2.6385539024078835,0.33274666666666625,1.715327735670818,0.0013690030653608534,0.032951201334127475,1.715339346757375,0.0013743057621864202
2474,3532,model3,-0.5264667883969972,0.4735332116030026,0.0789930120778157,0.34031347203648243,0.1401333333333333,-0.9833844247254288,0.0024623094810446943,-1.3248322599984943,-0.9831093663495467,0.0019314674704683477
2474,5871,model3,-0.3854720475876587,0.6145279524123414,0.24691256113184198,0.3232971322223676,0.11483999999999984,0.4521712006968445,0.001342037202760538,-1.716188458692443,0.4523346021852984,0.0010026771824851641
2474,6176,model3,-0.3489391705017582,0.6510608294982417,0.04363361952604343,0.21036804262887895,0.1354666666666666,0.7765072890280422,0.0013529993528498595,-0.6072610468030848,0.7767151017588463,0.0012223163217540993
2823,2890,model3,0.2101346690356424,0.7898653309643575,0.2560727456749374,0.7830222790407284,0.14952000000000007,2.5087471677802364,0.00045937636918597785,0.25209729267233016,2.5087407740687473,0.00045984649489378695
2823,2891,model3,-0.5644472020756359,0.4355527979243641,0.3700555505269511,1.6703996109800456,0.2684133333333335,-0.6687850193345738,0.0006057735550754288,-0.03906818677967185,-0.6687496045040374,0.0006038767125501605
2823,1314,model3,-0.673354191527601,0.32664580847239905,0.17769522801840976,0.4875976761756519,0.11509333333333333,-1.5155251284266438,0.0010186529288643393,0.4671731803312498,-1.5155434656986417,0.0010094868139512926
2823,1789,model3,-0.6042638482359346,0.3957361517640654,0.6854849769002405,0.7694246355992282,0.1538133333333334,-0.6413935732356979,0.0006341214334704346,0.1874054968642041,-0.6413606105198745,0.0006202136094491938
2823,2344,model3,-0.4874400285787755,0.5125599714212246,0.2855769641824851,0.8949820206130213,0.1995333333333332,-0.19920758652627066,0.0006966996135691465,-0.5432779567860171,-0.19918634111301908,0.0007057184675880899
2823,2352,model3,-0.8614767082943938,0.13852329170560615,0.5470979291926088,0.5429941036975556,0.17494666666666647,-2.551537693399748,0.0007965232867901709,0.2389328400275396,-2.5514690924891577,0.0008074152876461113
2823,3231,model3,-0.5990982437509986,0.40090175624900143,0.806088415834957,0.521486134302646,0.14722666666666664,-0.7344344060566672,0.0006790023967378202,-0.5617764673130523,-0.7343438025566414,0.0006285980669129831
2823,9933,model3,-0.3030981343962525,0.6969018656037475,0.4818989238602844,1.3260050288358125,0.2133733333333334,1.6586619578030877,0.000407176388018722,0.0359088228704824,1.6586805227993144,0.0004050611002399007
2801,2887,model3,-0.3888399807585636,0.6111600192414365,0.040589732713516034,0.7278659794625547,0.19671999999999992,0.5339853229018224,0.0009798517119154989,-0.8333868802365062,0.5340798243224766,0.0009136556939142495
2801,2890,model3,0.23409377116794794,0.7659062288320521,0.11305254614767438,0.8797378034517077,0.16465333333333335,2.3845100470499667,0.0005791964992650893,0.01196261108139007,2.3845059176947663,0.0005789525732572524
2801,2891,model3,-0.5766516359494646,0.4233483640505355,0.2541397327000478,1.084135051534811,0.15280000000000002,-0.3693097756139124,0.0009166210560346301,0.28703751579911385,-0.3692621236950353,0.0008963347162276891
2801,3481,model3,-0.7953500370017569,0.2046499629982431,0.9610669334293712,0.5544992771936051,0.12858666666666654,-1.697481159653058,0.0013345731987323064,-0.05270770395236254,-1.6974133647804701,0.0013047947708471313
2801,2337,model1,0.5050713146076398,-0.4949286853923604,0.7728855457847539,0.25932550196987736,0.062240000000000115,0.00012097601085100163,0.0015108029154714561,0.0035520708580782274,2.3973398533057784e-13,0.001434034614080208
2801,2344,model3,-0.5061458327171441,0.4938541672828559,0.052861585075306014,1.6005190957074014,0.2596666666666668,0.013152680281181118,0.0008279685151772314,0.4004825494069441,0.013168446216115296,0.000826345346218391
2801,2352,model3,-0.8653888072185992,0.13461119278140074,0.5186002726541058,0.7146206506344842,0.13877333333333322,-2.0102258698362534,0.0013159388242095485,-0.06419565666542504,-2.010169580968017,0.0012883812813590837
2801,2610,model3,-0.5330640388069677,0.4669359611930322,0.20886369266204532,0.9431842928277416,0.12868000000000007,-0.4584327257970388,0.0008284598392917406,0.3916455639005439,-0.4584261182421955,0.0008306953740924915
2801,3034,model3,-0.5718762060297974,0.4281237939702027,0.0722136920390456,2.7397024014612503,0.2772399999999998,0.4040544733241229,0.001003204847949519,0.18213499858305585,0.4040335827010621,0.0010068447138305672
2801,6176,model3,-0.6652474382201661,0.3347525617798341,0.07052761253657656,0.7249343783493317,0.13922666666666678,-0.406193093451156,0.0011508009539240448,-0.2183549781341708,-0.4061589546819518,0.0011452797443949672
2801,9910,model3,-0.3119371051446461,0.6880628948553539,0.03766154955020638,0.9032620788179028,0.1679466666666664,2.5231890044570746,0.0014937124649470456,0.011991616890657116,2.5230363130079985,0.0014268482015784172
2883,2890,model3,0.09471321799980008,0.9052867820002,0.43916712818756665,0.6155235792123215,0.1635200000000001,2.251841642054412,0.0005349580306220082,0.4770436730644785,2.251836323333454,0.000534641910353843
2883,2891,model3,-0.3402545489135379,0.6597454510864621,0.45008092003067496,1.504633268146771,0.2552800000000002,1.1913711110608185,0.0006483717599872128,0.05119447521610823,1.191394388637938,0.0006368860403258317
2887,2890,model3,0.3314348156102353,0.6685651843897646,0.012871803280083478,0.6257061018102417,0.13546666666666654,2.3894247066102405,0.0005625829191431209,-0.21321905456606974,2.3894624978256567,0.0005505119599548533
2887,9904,model3,-0.7342539293893643,0.26574607061063577,0.14146826788337855,0.5680773746239363,0.23400000000000026,-0.9751479275993792,0.0010129145615775132,1.0323916001072364,-0.9752346111635225,0.0009543917903797842
2887,1789,model3,-0.7108039310286499,0.2891960689713501,0.4083744709127628,1.0419467982410888,0.29641333333333303,-0.8302852047860667,0.00083786256463193,0.5639460215488799,-0.8303370185190232,0.0008202979511392995
2887,1909,model3,-0.9027457691585441,0.09725423084145607,0.10538399969866633,0.5020142214344465,0.2234133333333332,-2.0485691150734597,0.0012477876719753484,0.6975019207008809,-2.0486250908653965,0.0012112500017095217
2887,2337,model3,-0.7628518085975133,0.23714819140248666,0.1331568699959676,1.0331810135548785,0.19395999999999988,-1.35199471793192,0.0010007923945845642,0.07217457260319919,-1.3519858754713467,0.0010048180224256334
2887,2344,model3,-0.6327309196583312,0.3672690803416689,0.05114492002771925,0.6930856419064153,0.14020000000000002,-0.6167177356787803,0.0009193163644692783,0.5242401700635958,-0.6167800027710503,0.0008859369708663417
2887,2352,model3,-0.913267482872265,0.08673251712773504,0.43321411827380574,0.7652990789825896,0.16562666666666645,-2.1592613283385558,0.0011381450200127008,0.595027205814165,-2.1593126302751777,0.0011090123346822153
2887,3044,model3,-0.971392530961282,-0.028607469038717987,0.06485480133149811,0.4843722581517186,0.22504000000000016,-2.7229817201058486,0.0013692149872188133,0.816914170399438,-2.723032304221272,0.0013414958570647948
2887,3231,model3,-0.6896489947832065,0.31035100521679343,0.4824051429822186,2.1991029242890687,0.3010800000000001,-0.7966486240620427,0.0007221399886954179,0.2761797675361333,-0.7966691809473725,0.0007182371350103702
2887,6176,model3,-0.7340822254389967,0.2659177745610033,0.13281074237972354,0.6841363501307896,0.1642933333333332,-0.7910930251289122,0.0009751270471275966,0.3708669937520935,-0.791164495502654,0.0009201312157596688
2887,9933,model3,-0.42377430297320595,0.5762256970267939,0.07652147142604793,0.8164586545833777,0.2133866666666666,1.1119439109534497,0.0005907064444053509,0.4082898783918348,1.1119124023766656,0.0005806084166043617
2882,2887,model3,-0.4353505607068524,0.5646494392931475,0.2380131697648296,0.8338522409734771,0.21664000000000005,-0.1897624376081726,0.0006729453123627946,-0.4515380559033971,-0.189715801819563,0.0006468758958703358
2882,3231,model3,-0.6516411294923267,0.3483588705076733,0.5729837889068091,0.5672334259014805,0.1390399999999999,-1.3677079770584526,0.0005035415772607015,-0.23417300149234305,-1.3676823743503037,0.0004868441577834179
2882,9910,model3,0.10082088176182934,0.8991791182381708,0.2906841992366863,0.599442121999179,0.0703333333333334,4.83811134736342,0.00210817279141856,0.34520083029822435,4.83786240535469,0.0019489879577825227
2882,9933,model3,-0.32097554151791924,0.6790244584820807,0.19851391301790172,0.5003536140172877,0.04583999999999993,1.391854236412172,0.00045839559887390636,0.13379896862769833,1.3918518686685113,0.0004602610841611002
2885,2887,model1,0.50977529045897,-0.49022470954103,0.9149396972247772,2.2093312653474904,0.315906666666667,1.7582511284797895e-05,0.0008456605744845406,-0.08688629634680532,2.1475059473233085e-17,0.0008389573058005832
2885,2337,model1,0.5285575606109949,-0.471442439389005,0.9813578578384003,0.3759940329799905,0.05722666666666666,5.998766060026916e-06,0.0014677590470168196,0.12201777005909632,7.070323790548519e-16,0.0014706064312413926
2886,2892,model3,-0.3756291081750055,0.6243708918249945,0.4954944419083648,1.0855357862239536,0.1955733333333333,0.6265213450583054,0.0006257075759702762,0.5944197114415504,0.6265304466242217,0.0006285438703620755
2886,1477,model3,-0.4355633008042395,0.5644366991957604,0.321332757068493,0.8333505203053125,0.1306799999999999,1.3689657519207432,0.0010784496724572364,0.0666546457442191,1.3690054097682733,0.0010790451293776501
2886,2352,model3,-0.7627494680739462,0.2372505319260538,0.5422603099572889,0.7087930673872815,0.14853333333333313,-1.7255222413201785,0.000706023814247137,0.3064084447490185,-1.725501197355995,0.0007017637085555426
2886,2610,model3,-0.3588493842312634,0.6411506157687367,0.4210930321242715,0.8030064099996426,0.1425333333333332,0.2660811771439426,0.0005093076582183474,-0.10059210667069217,0.26602813515592494,0.0004960055776351026
2886,3034,model3,-0.40799995886257856,0.5920000411374214,0.3998174690246756,0.9878819309949204,0.1467333333333331,1.460250119242681,0.0012992386183735786,0.5670120792313412,1.4601570383655404,0.0012598491839390397
2881,2885,model3,0.26878066987275706,0.7312193301272429,0.1376395684337584,1.046768578855048,0.2246666666666666,2.915417708287805,0.0011752953324812132,-0.5928756281899538,2.915419958912706,0.0011813830000116713
2881,2890,model3,-0.27852461962516056,0.7214753803748394,0.12704517036056207,0.6471573765069527,0.18168000000000006,0.5464523995258935,0.0004213037127241698,-0.0689529651091294,0.5464761793014872,0.000421005983682669
2881,1314,model3,0.7451165900536454,0.2548834099463547,0.07764764550936765,0.3120529055758178,0.06689333333333339,3.5273548928725766,0.0008818736610310191,0.5459921867905512,3.52725213562007,0.0007829483227443601
2881,2379,model3,0.9006555172055305,0.09934448279446947,0.01192876820848099,0.26841464648340085,0.058959999999999985,3.957235887744,0.0008141212548671412,0.415132383244843,3.957160141828914,0.0007641803035716856
2881,9910,model3,0.4360895810004429,0.5639104189995571,0.09542672519496866,0.9387770944136824,0.2426666666666668,4.476801076509571,0.0011898337444351645,0.2923691332271772,4.47670219469076,0.0011057350798355178
2892,1789,model3,-0.5946226961635922,0.4053773038364078,0.4724972227927189,0.738603385230657,0.13769333333333325,-0.2669093214151049,0.0007192242829325339,0.1942314318248987,-0.26692331953211273,0.0007234374473972814
2892,2344,model3,-0.4721063320633923,0.5278936679366076,0.2707719755775471,0.8700920247491434,0.18784,0.14127645907104416,0.0007653534354057457,-0.28718684972673103,0.1412598744550731,0.000765960569595433
2892,2352,model3,-0.8447695829968835,0.15523041700311646,0.5758507194936426,0.8851396669598516,0.15478666666666668,-2.0064516729719246,0.0008358277336476793,-0.2333883131798709,-2.006429379652004,0.0008461121162100828
2892,3231,model3,-0.5889489286649104,0.4110510713350895,0.7011812401962348,0.7397034949787767,0.12229333333333328,-0.3625212025129805,0.0007358570408874664,0.1082347073956526,-0.3624880585120143,0.0007236139892857143
2892,6176,model3,-0.5967650043709769,0.40323499562902304,0.2814797962815149,0.8023336606233663,0.11753333333333332,0.002335325639754616,0.0007325203254595033,-0.5027764216905988,0.002311436549997221,0.0007227217516408541
2892,9933,model3,-0.2825968027412261,0.7174031972587739,0.2913274395678179,1.284821624159587,0.21593333333333325,1.9547999177800084,0.0004076060887053344,-0.2100160971073749,1.9548004006797233,0.000410318434091219
2891,9904,model3,-0.5313432666499449,0.468656733350055,0.18633620273435653,0.5708203427378357,0.15954666666666667,0.15712532381874195,0.0007166289137034644,0.14258051392271548,0.15705959535525726,0.0006903522146215253
2891,1722,model3,-0.4006566479802488,0.5993433520197512,0.3570034838819353,0.922571794101226,0.15413333333333326,1.0459411843581814,0.0005845218303025808,0.31385344316935343,1.0458862378289924,0.0005399431353434017
2891,2337,model3,-0.5929032693293732,0.4070967306706268,0.1984474598285027,0.4044922868607247,0.0978933333333334,-0.5874769711509206,0.0010120790326785486,-0.425789223417421,-0.5873415012085532,0.0009439797637279051
2891,2344,model3,-0.4245414260788786,0.5754585739211214,0.12763714875932972,0.8590011720290334,0.14202666666666666,0.4180810578743042,0.0007342509741796322,-0.495201168831769,0.41804909158030895,0.0007316242893107399
2891,2352,model3,-0.8248192918225512,0.17518070817744888,0.533495683161846,0.5916424462627282,0.06734666666666678,-1.8889377487926096,0.000992937075819361,0.012361930482773491,-1.8889607764056422,0.00099078703442763
2891,2383,model3,-0.8242665359557209,0.17573346404427911,0.6179000771520435,0.8152702258228282,0.11944000000000005,-1.5664873274549802,0.0009610296271659273,0.1868647887179818,-1.5665205260514805,0.0009615296740528492
2891,2834,model3,-0.3995856095583611,0.6004143904416388,0.3151404248114503,0.9447658700464032,0.19982666666666665,0.08412947218987858,0.0005937755095160713,-0.06482104289411078,0.08411490809127105,0.0005865011001821753
2891,3034,model3,-0.5025260585131434,0.4974739414868566,0.21521492793608565,1.2728580700598613,0.2846400000000001,0.8515844125322618,0.0011407192656270547,0.14924513040984794,0.8514997355458233,0.0010858235479183956
2891,3044,model3,0.9088392103077262,0.09116078969227387,0.11316856358216835,0.33432247530334164,0.057106666666666715,3.1193604159929627,0.0012922583252868824,-0.3559346705831844,3.1194041462973727,0.0012704111228281788
2891,6176,model3,-0.5672884317134853,0.4327115682865145,0.14076964350568072,0.8663174644487556,0.17382666666666666,0.21544293051151006,0.0007261175386666883,0.04757181714775206,0.21540561012978351,0.0007032511934161534
2891,6269,model3,-0.7602156995427922,0.2397843004572077,0.18814877427985088,0.7083391607814512,0.21850666666666668,-1.0853205239771886,0.0009810095554234918,-0.5221646734135963,-1.0853778942034897,0.0009526281641121806
2891,9933,model3,-0.2426808519052405,0.7573191480947595,0.1321669905242277,1.0295036395882609,0.1771466666666668,2.226746779214764,0.0004292667791206024,-0.25315509708686484,2.2267402555402427,0.0004333616559866575
2890,4938,model3,0.8994981909790356,0.10050180902096448,0.36824068085806494,0.9086506460909192,0.17842666666666665,2.483988803636425,0.000487040763182808,0.4541081417570547,2.4839889257409893,0.0004887283462343806
2890,9904,model3,0.8290487399857719,0.17095126001422808,0.12640759772606944,1.1240921656394247,0.2335733333333334,2.4992140029658123,0.0004166579011491752,0.2602080466509624,2.4992076992975396,0.0004141439968276346
2890,1789,model3,-0.8742633664051993,-0.1257366335948008,0.3424455912665286,0.4587902870115928,0.1106933333333333,-2.4320626532831007,0.0005587608595467206,-0.35105175252753884,-2.4320642651911313,0.0005606951174892525
2890,2337,model2,-0.8867230748586091,-0.11327692514139096,0.6042308784974436,0.6510244430684089,0.2249733333333332,-2.322852228792433,0.0005669708136189509,-0.3118559327519346,-2.3228690449740435,0.0005710361349280217
2890,2344,model3,0.7861827278193522,0.2138172721806478,0.045828100137578966,0.6502765362009698,0.12954666666666664,2.393753501110545,0.0005058676355098728,-0.10178787794299013,2.393758410928064,0.0005078858091710849
2890,2352,model3,-0.9612610538129585,-0.038738946187041615,0.5279403704857445,0.5098935756626258,0.0971733333333334,-2.288134318363669,0.0005949429015674225,-0.4007443085580543,-2.288137159333597,0.0005978385921883694
2890,3189,model3,-0.9279559663361094,-0.07204403366389055,0.29909794621069985,0.6268381002363196,0.1714799999999997,-2.4104891530816985,0.0005678822202042071,-0.18460535077108686,-2.4104976316504865,0.0005725403125447148
2890,6176,model3,-0.8607121033197083,-0.1392878966802917,0.08873582944767759,0.6162147555228683,0.1923599999999998,-2.549340324120172,0.0005203673966236856,-0.4019520974914846,-2.549330993996665,0.0005172827644466992
2890,9933,model3,0.5999055318606337,0.4000944681393664,0.07245767497207732,0.9255227991948491,0.11301333333333327,2.9076890949779584,0.00038650608045247785,0.19349017693716855,2.907698236331373,0.00038601589762849966
3481,2834,model3,-0.2167247052444651,0.7832752947555349,0.9320036426357824,0.8805971247396103,0.1601733333333332,1.0802050238406202,0.0006127089197642,0.057513918661691324,1.0802321365820389,0.0006221980767611989
3481,9933,model3,-0.1155729437851884,0.8844270562148115,0.9404175673891652,1.7925140021821822,0.2624400000000003,3.1340853411878773,0.00041321673203927435,0.02453850754675866,3.1340883998037543,0.00041485888834844796
9904,9933,model3,-0.2182019137072992,0.7817980862927009,0.1618085021481104,0.7362733770946859,0.2112399999999997,2.2348649512036936,0.000467355094845401,0.16839026633845466,2.2348862875554065,0.000458112439204289
1477,1909,model3,-0.7475937707569658,0.2524062292430342,0.08011209665972298,0.6880962132562383,0.21600000000000003,-2.758871977761221,0.001417606688904466,0.045673060515152165,-2.7589085049694226,0.0014080433565631552
1477,2352,model3,-0.8021521734949784,0.19784782650502156,0.530626656626589,0.9978822855193882,0.16403999999999996,-3.328994246961566,0.0013886221955659178,-0.2807561240954865,-3.3290125684334204,0.001391106512375889
1477,2610,model3,-0.4226162733189384,0.5773837266810615,0.25590261926014635,0.710309429912125,0.2073733333333331,-0.7950143796384456,0.0008646045030567079,0.17204260094863474,-0.7951001604522537,0.0008460033037079203
1477,3034,model3,-0.4779578874834909,0.522042112516509,0.06353449880724141,1.3195175929257783,0.3694933333333332,0.09907792272810806,0.0012996418157798144,0.4771436605012648,0.09897501851888284,0.0012431378672981249
1477,3044,model3,0.9041166383772836,0.09588336162271643,0.13040159467382378,0.468195770652647,0.13813333333333322,4.907329483462466,0.0020026174287256344,-0.05424245508619343,4.907364269183208,0.0019973889094500046
1477,3189,model3,-0.7176998628857901,0.2823001371142099,0.27776889879204586,0.4540495301644839,0.1087333333333334,-2.285178323046336,0.0015063140754702472,0.27291336100469915,-2.285166609227977,0.0015122387952689958
5880,3231,model3,-0.6379127219883977,0.3620872780116024,0.5672895078894555,0.8425788388764299,0.21402666666666656,-0.5840114427825022,0.0006506733895529942,0.04288871396481464,-0.5839777860935853,0.000628961154505848
1314,1477,model3,-0.4090689375311619,0.5909310624688381,0.033237549501417885,0.4758838516644422,0.1223733333333332,1.8849969160176845,0.0014644066412984875,-0.3861941386982847,1.8851631611800594,0.0013335443871911154
1314,1909,model3,-0.6640969090419139,0.3359030909580861,0.10234253908266712,0.3652389579335724,0.0926,-0.4359190654446417,0.0018164848617333003,-0.323664468079096,-0.43569247822106744,0.001700124216697775
1314,2344,model3,-0.3203304446929242,0.6796695553070757,0.04904155280027686,0.7300025321570603,0.1596666666666665,1.1735418752948426,0.0010589899153550925,-0.4305351485477508,1.1735949683954823,0.0010293376785732167
1314,2610,model3,-0.3310807576693547,0.6689192423306454,0.167191207935859,0.6805710748685332,0.1092,0.6605362006429559,0.0007863580603933973,-0.2743984358588879,0.6605574264685089,0.0007723670243935511
1314,3189,model3,-0.5931282802447349,0.4068717197552649,0.15685734366830906,0.3291371545348984,0.06297333333333338,0.3155917171212981,0.0016518132480591945,-0.7694024814729633,0.31582687484842875,0.0014194350609700783
1314,9933,model3,-0.1650380816339789,0.8349619183660211,0.029297161024885183,0.5066986855697554,0.13713333333333344,2.832592794819084,0.0006344468206604863,-0.2412729798694593,2.8326342639021895,0.0006003793263667166
1789,2610,model3,-0.39974431044950975,0.6002556895504904,0.4096167817953511,0.5656798846105813,0.14088000000000006,-0.13066416004160356,0.0005936699547388245,0.6545079274196052,-0.13069755336178757,0.0005673640838195123
1789,9933,model3,-0.20811981491527254,0.7918801850847276,0.4274381117274237,0.9484930378678764,0.16391999999999993,2.31446026574668,0.00044991975885893534,-0.007000204157317678,2.3144562414395824,0.0004504379125531419
1909,3034,model3,-0.23632016746315096,0.7636798325368491,0.1316764987491954,0.9569388215603672,0.2409333333333333,2.7242424533398433,0.0016396892211365394,0.13141672814008545,2.7241382029830516,0.0016082418259228386
1909,6269,model3,-0.4483635148126995,0.5516364851873006,0.1046723953371374,0.1350856095418097,0.06952000000000011,1.037214860978302,0.002290460903358745,-0.23597102514784346,1.0367102119533371,0.002328266566149254
1909,9910,model3,-0.03318239620324756,0.9668176037967524,0.1146713657356538,0.6469234975566552,0.06924000000000016,4.657854385276841,0.0022096243831529272,0.218581764360461,4.6576146752400325,0.0020715617167128887
1909,9933,model3,-0.0949953735004874,0.9050046264995126,0.1808164985246903,0.8013445490646582,0.3099333333333336,3.1710112153075665,0.0005244127759671405,-0.32107315027837513,3.171004311902999,0.0005319657395354727
2344,2379,model3,-0.8163417219339236,0.1836582780660764,0.06303031008465243,0.4836595136916423,0.1170666666666666,-1.510647325027604,0.0011105948540493056,-0.0872957324218687,-1.5107064284532865,0.0010885767315233573
2344,2610,model3,-0.5216801893766122,0.4783198106233878,0.2304355318416753,0.868503917943493,0.16993333333333327,-0.45140534539266897,0.0006545269234327282,0.2728624042263882,-0.45142529251836394,0.0006582352892004256
2344,3189,model3,-0.7724468077956441,0.22755319220435574,0.1779434843546452,0.5743583060775009,0.0923866666666668,-1.2386522157535227,0.0010432287223978369,0.07979328800034602,-1.2385459252194004,0.0010340901552674847
2337,2344,model3,-0.32815701829450233,0.6718429817054977,0.16070586433970802,0.4112152176137974,0.13933333333333325,1.0141766290360543,0.0012084113189223175,0.4352651544542465,1.0140071491080536,0.0011392324365777139
2337,2834,model3,-0.3041408707844056,0.6958591292155946,0.14946418845539833,0.5025990490788709,0.12930666666666646,0.5961333655002669,0.0007818621522962055,0.8119705069080654,0.596074469323895,0.0007492198923292908
2337,3189,model3,-0.6456990289277201,0.3543009710722799,0.17629483464804993,0.3381422908589727,0.07442666666666667,-0.2804652445010559,0.0015837866970124554,0.4866855641230138,-0.2805911754226001,0.0015412688725985361
2337,6176,model3,-0.4691742437966481,0.5308257562033519,0.20124710246522784,0.3975840076727284,0.09341333333333328,0.9787116515615965,0.0011105753002133413,0.5678826885715366,0.9785427845717355,0.0009908622070884576
2337,9933,model2,-0.16271426978341322,0.8372857302165868,0.6339342010896041,0.7272348168424789,0.18097333333333326,2.7895422704424666,0.0005295443925874771,0.16130734396022184,2.7895112804448066,0.0005298293226041041
2352,2834,model3,-0.13518091172356428,0.8648190882764357,0.5297912927423373,3.9674494817338486,0.4635200000000002,1.398182530833136,0.0005173040958804642,0.04891519070474889,1.3981780239416346,0.000517210214755067
2352,3034,model3,-0.17590416162902364,0.8240958383709764,0.5200443575700937,0.8094325794126118,0.14346666666666666,3.3200066693151964,0.001863417963245004,0.5123877018990336,3.319929310758485,0.0018138557761749165
2352,9910,model3,-0.042329043451337284,0.9576709565486626,0.5039182693777128,0.6727869976230201,0.07038666666666679,4.600402324605048,0.0021629233156008,0.20583921900398286,4.60026836639567,0.0020502619379144283
2352,9914,model3,0.0950909214458132,0.9049090785541868,0.4734602901860612,0.5058496274681603,0.05924000000000002,4.805245366655278,0.0022044361350339664,-0.15048681273239722,4.805231917229309,0.0022091664836576944
2352,9933,model3,-0.06469991674838653,0.9353000832516136,0.5308094731851892,1.1931194908949043,0.24462666666666666,3.4331316227254374,0.00048226734556736523,0.08798637575942866,3.4331256603665117,0.000485783246008771
2610,9910,model3,-0.28681920973837405,0.713180790261626,0.17692539976766025,0.8259745174596709,0.24333333333333346,2.8853055529948723,0.0015174599912443044,0.08322818816183697,2.885189945872842,0.0014509981303198309
2610,9933,model3,-0.2895175103464713,0.7104824896535288,0.3426029239619341,0.8750284235267691,0.16741333333333305,2.1172008255754786,0.000421552687261916,0.0035365482924573674,2.117222278062351,0.0004139793993384092
2834,3044,model3,0.9363894539035394,0.06361054609646044,0.12566760016917886,0.3702480347663908,0.11453333333333343,2.275265600431189,0.0008952578044514446,0.08765465210093411,2.2752549015853174,0.000900157607520989
2834,3189,model3,-0.7786846923157886,0.2213153076842114,0.34790205309301936,0.81635075213551,0.1328533333333333,-0.6612221098336168,0.0007000281453752991,-0.3455040973983138,-0.6612056604228153,0.0007025868425723416
2834,6176,model3,-0.6642796711065538,0.3357203288934462,0.0950141782631568,0.4374328119269536,0.09384,0.06827297514210068,0.0007322417314751156,-0.06998372413953625,0.06825852247035406,0.0007331133091847225
2834,6269,model3,-0.8210075276540111,0.1789924723459889,0.21596911898708007,0.4506940844909339,0.1033333333333332,-0.8626950907979015,0.0008604461033934858,0.270734022427132,-0.8627547262279889,0.000838291401859755
3044,9933,model3,0.03305693732281108,0.9669430626771891,0.14129132046855436,0.6532264255129596,0.09597333333333337,3.915824857227037,0.0005449987377753512,-0.15020298752931782,3.9158210574836634,0.0005493068471948092
3034,6269,model3,-0.7403646643915638,0.2596353356084363,0.09343138306197736,3.2245292135843893,0.3969333333333334,-2.219424115944564,0.0012577432408818331,-0.2418528943972393,-2.2194036578240572,0.001248893728612914
3189,8150,model3,-0.03566563568048373,0.9643343643195162,0.156210813262484,0.17242621714451234,0.06520000000000006,3.0975405508387603,0.0016864825153866145,-0.028497523526163793,3.09765779371179,0.00163872425797834
3189,9933,model3,-0.11284901985298848,0.8871509801470115,0.35224153943547143,1.3349589419740442,0.2096666666666667,2.9494196074832444,0.000479330272371221,0.2710050009089767,2.9494074776103436,0.0004844045074109997
3231,9933,model3,-0.2138686894369392,0.7861313105630608,0.2799422251022534,0.8398078559840993,0.2237200000000001,2.3402805900690944,0.00047258612592134024,-0.1331790231374015,2.3402661684566577,0.00046956468490844057
6176,9910,model3,-0.1818748627051017,0.8181251372948983,0.0756270103042879,0.7643927193203804,0.08818666666666655,3.247488202387137,0.0017751504991041086,0.1107920377208054,3.2473923450819893,0.0016989794345636602
6176,9914,model3,0.18771707681804428,0.8122829231819556,0.07580781475263966,0.42800469702389055,0.0301466666666665,4.865409648526697,0.002083895412817706,-0.3635543094086332,4.865398155333586,0.0020881354183852024
9910,9933,model3,-0.5566569100873701,0.4433430899126299,0.04686418956826383,0.7031443956876414,0.09409333333333338,-1.0274417961647302,0.001278200895831826,-0.2372889081685826,-1.0273270219560642,0.0012039407266731213
